Id,Label,timeset,componentid,indegree,outdegree,Degree,weighted indegree,weighted outdegree,Weighted Degree
1,3466,,0,8,8,16,8,8,16
2,937,,0,5,5,10,5,5,10
3,5233,,0,2,2,4,2,2,4
4,8579,,0,5,5,10,5,5,10
5,10310,,0,13,13,26,13,13,26
6,15931,,0,10,10,20,10,10,20
7,17038,,0,17,17,34,17,17,34
8,18720,,0,3,3,6,3,3,6
9,19607,,0,4,4,8,4,4,8
10,14924,,0,23,23,46,23,23,46
11,4135,,0,5,5,10,5,5,10
12,18233,,0,3,3,6,3,3,6
13,16258,,0,13,13,26,13,13,26
14,1854,,0,8,8,16,8,8,16
15,4583,,0,3,3,6,3,3,6
16,9572,,0,34,34,68,34,34,68
17,10841,,0,7,7,14,7,7,14
18,13056,,0,10,10,20,10,10,20
19,14982,,0,2,2,4,2,2,4
20,16310,,0,17,17,34,17,17,34
21,19640,,0,25,25,50,25,25,50
22,23855,,0,8,8,16,8,8,16
23,24372,,0,1,1,2,1,1,2
24,24814,,0,21,21,42,21,21,42
25,23344,,0,9,9,18,9,9,18
26,19865,,0,26,26,52,26,26,52
27,24009,,0,9,9,18,9,9,18
28,15959,,0,9,9,18,9,9,18
29,24444,,0,3,3,6,3,3,6
30,21968,,0,13,13,26,13,13,26
31,18866,,0,44,44,88,44,44,88
32,7188,,0,12,12,24,12,12,24
33,896,,0,5,5,10,5,5,10
34,19992,,0,15,15,30,15,15,30
35,7277,,0,9,9,18,9,9,18
36,16766,,0,3,3,6,3,3,6
37,16770,,0,3,3,6,3,3,6
38,16858,,0,3,3,6,3,3,6
39,17113,,0,12,12,24,12,12,24
40,17389,,0,3,3,6,3,3,6
41,18408,,0,10,10,20,10,10,20
42,19089,,0,5,5,10,5,5,10
43,20033,,0,4,4,8,4,4,8
44,23429,,0,4,4,8,4,4,8
45,24578,,0,4,4,8,4,4,8
46,2846,,0,16,16,32,16,16,32
47,495,,0,4,4,8,4,4,8
48,9458,,0,5,5,10,5,5,10
49,17968,,0,6,6,12,6,6,12
50,2655,,0,1,1,2,1,1,2
51,20008,,0,2,2,4,2,2,4
52,25866,,0,2,2,4,2,2,4
53,13614,,0,16,16,32,16,16,32
54,19084,,0,5,5,10,5,5,10
55,7689,,0,32,32,64,32,32,64
56,9522,,0,5,5,10,5,5,10
57,19738,,0,5,5,10,5,5,10
58,8916,,0,11,11,22,11,11,22
59,14485,,0,21,21,42,21,21,42
60,23647,,0,12,12,24,12,12,24
61,23293,,0,53,53,106,53,53,106
62,7459,,0,12,12,24,12,12,24
63,22598,,0,18,18,36,18,18,36
64,7712,,0,18,18,36,18,18,36
65,14102,,0,7,7,14,7,7,14
66,18517,,0,9,9,18,9,9,18
67,5993,,0,13,13,26,13,13,26
68,1375,,0,2,2,4,2,2,4
69,5555,,0,8,8,16,8,8,16
70,5564,,0,10,10,20,10,10,20
71,5787,,0,8,8,16,8,8,16
72,9721,,0,2,2,4,2,2,4
73,10158,,0,1,1,2,1,1,2
74,10942,,0,11,11,22,11,11,22
75,13600,,0,2,2,4,2,2,4
76,13929,,0,45,45,90,45,45,90
77,21075,,0,16,16,32,16,16,32
78,21316,,0,1,1,2,1,1,2
79,22900,,0,1,1,2,1,1,2
80,23637,,0,10,10,20,10,10,20
81,23770,,0,10,10,20,10,10,20
82,25143,,0,2,2,4,2,2,4
83,25601,,0,1,1,2,1,1,2
84,25980,,0,2,2,4,2,2,4
85,9710,,0,20,20,40,20,20,40
86,14818,,0,5,5,10,5,5,10
87,16324,,0,7,7,14,7,7,14
88,9273,,0,2,2,4,2,2,4
89,9325,,0,7,7,14,7,7,14
90,15814,,0,12,12,24,12,12,24
91,24696,,0,20,20,40,20,20,40
92,18540,,0,14,14,28,14,14,28
93,1373,,0,5,5,10,5,5,10
94,19791,,0,5,5,10,5,5,10
95,1588,,0,19,19,38,19,19,38
96,22100,,0,9,9,18,9,9,18
97,1787,,0,3,3,6,3,3,6
98,2654,,0,38,38,76,38,38,76
99,10762,,0,30,30,60,30,30,60
100,16056,,0,12,12,24,12,12,24
101,18924,,0,8,8,16,8,8,16
102,3113,,0,17,17,34,17,17,34
103,11223,,0,4,4,8,4,4,8
104,19807,,0,2,2,4,2,2,4
105,5246,,0,3,3,6,3,3,6
106,10524,,0,2,2,4,2,2,4
107,12337,,0,2,2,4,2,2,4
108,15419,,0,1,1,2,1,1,2
109,339,,0,30,30,60,30,30,60
110,624,,0,17,17,34,17,17,34
111,3731,,0,9,9,18,9,9,18
112,4743,,0,25,25,50,25,25,50
113,5407,,0,9,9,18,9,9,18
114,6610,,0,68,68,136,68,68,136
115,6700,,0,31,31,62,31,31,62
116,8045,,0,15,15,30,15,15,30
117,9099,,0,9,9,18,9,9,18
118,9639,,0,31,31,62,31,31,62
119,9785,,0,68,68,136,68,68,136
120,12141,,0,5,5,10,5,5,10
121,15184,,0,13,13,26,13,13,26
122,15784,,0,11,11,22,11,11,22
123,18719,,0,22,22,44,22,22,44
124,19870,,0,21,21,42,21,21,42
125,20532,,0,20,20,40,20,20,40
126,22527,,0,25,25,50,25,25,50
127,23576,,0,4,4,8,4,4,8
128,23577,,0,9,9,18,9,9,18
129,23649,,0,9,9,18,9,9,18
130,24199,,0,6,6,12,6,6,12
131,24293,,0,20,20,40,20,20,40
132,25201,,0,13,13,26,13,13,26
133,26098,,0,6,6,12,6,6,12
134,26038,,0,15,15,30,15,15,30
135,16640,,0,7,7,14,7,7,14
136,4013,,0,10,10,20,10,10,20
137,546,,0,2,2,4,2,2,4
138,8641,,0,5,5,10,5,5,10
139,19922,,0,5,5,10,5,5,10
140,24559,,0,23,23,46,23,23,46
141,24110,,0,7,7,14,7,7,14
142,6635,,0,2,2,4,2,2,4
143,12118,,0,15,15,30,15,15,30
144,19980,,0,8,8,16,8,8,16
145,5957,,0,14,14,28,14,14,28
146,7716,,0,8,8,16,8,8,16
147,11233,,0,8,8,16,8,8,16
148,14090,,0,8,8,16,8,8,16
149,18397,,0,8,8,16,8,8,16
150,25541,,0,8,8,16,8,8,16
151,2249,,0,8,8,16,8,8,16
152,6077,,0,8,8,16,8,8,16
153,6611,,0,8,8,16,8,8,16
154,8672,,0,8,8,16,8,8,16
155,19955,,0,8,8,16,8,8,16
156,21832,,0,8,8,16,8,8,16
157,3316,,0,2,2,4,2,2,4
158,9759,,0,1,1,2,1,1,2
159,11865,,0,1,1,2,1,1,2
160,5052,,0,29,29,58,29,29,58
161,899,,0,3,3,6,3,3,6
162,1796,,0,2,2,4,2,2,4
163,2287,,0,14,14,28,14,14,28
164,3096,,0,12,12,24,12,12,24
165,3386,,0,11,11,22,11,11,22
166,4472,,0,4,4,8,4,4,8
167,5346,,0,20,20,40,20,20,40
168,5740,,0,1,1,2,1,1,2
169,6094,,0,4,4,8,4,4,8
170,6376,,0,2,2,4,2,2,4
171,9124,,0,24,24,48,24,24,48
172,10235,,0,13,13,26,13,13,26
173,10427,,0,8,8,16,8,8,16
174,10597,,0,6,6,12,6,6,12
175,15159,,0,4,4,8,4,4,8
176,16148,,0,18,18,36,18,18,36
177,16741,,0,7,7,14,7,7,14
178,18235,,0,1,1,2,1,1,2
179,18549,,0,1,1,2,1,1,2
180,19297,,0,16,16,32,16,16,32
181,20511,,0,32,32,64,32,32,64
182,20595,,0,9,9,18,9,9,18
183,20613,,0,10,10,20,10,10,20
184,24371,,0,22,22,44,22,22,44
185,24731,,0,1,1,2,1,1,2
186,25102,,0,7,7,14,7,7,14
187,25271,,0,16,16,32,16,16,32
188,25396,,0,23,23,46,23,23,46
189,22415,,0,12,12,24,12,12,24
190,23297,,0,5,5,10,5,5,10
191,6375,,0,5,5,10,5,5,10
192,10519,,0,3,3,6,3,3,6
193,727,,0,6,6,12,6,6,12
194,11861,,0,17,17,34,17,17,34
195,18580,,0,2,2,4,2,2,4
196,18623,,0,1,1,2,1,1,2
197,20217,,0,3,3,6,3,3,6
198,25436,,0,3,3,6,3,3,6
199,7442,,0,18,18,36,18,18,36
200,13955,,0,12,12,24,12,12,24
201,15235,,0,8,8,16,8,8,16
202,23967,,0,15,15,30,15,15,30
203,6732,,0,7,7,14,7,7,14
204,17207,,0,10,10,20,10,10,20
205,18286,,0,7,7,14,7,7,14
206,12806,,0,6,6,12,6,6,12
207,4027,,0,1,1,2,1,1,2
208,7450,,0,4,4,8,4,4,8
209,23614,,0,26,26,52,26,26,52
210,23151,,0,10,10,20,10,10,20
211,3178,,0,5,5,10,5,5,10
212,941,,0,9,9,18,9,9,18
213,13712,,0,7,7,14,7,7,14
214,16727,,0,7,7,14,7,7,14
215,22321,,0,7,7,14,7,7,14
216,23383,,0,7,7,14,7,7,14
217,25442,,0,8,8,16,8,8,16
218,5634,,0,2,2,4,2,2,4
219,1658,,0,6,6,12,6,6,12
220,4822,,0,2,2,4,2,2,4
221,6864,,0,2,2,4,2,2,4
222,7926,,0,9,9,18,9,9,18
223,10268,,0,7,7,14,7,7,14
224,12971,,0,1,1,2,1,1,2
225,18600,,0,4,4,8,4,4,8
226,20421,,0,3,3,6,3,3,6
227,20886,,0,2,2,4,2,2,4
228,21048,,0,6,6,12,6,6,12
229,22393,,0,5,5,10,5,5,10
230,23186,,0,6,6,12,6,6,12
231,23214,,0,4,4,8,4,4,8
232,23298,,0,2,2,4,2,2,4
233,23945,,0,3,3,6,3,3,6
234,24939,,0,3,3,6,3,3,6
235,2368,,0,9,9,18,9,9,18
236,22366,,0,19,19,38,19,19,38
237,18511,,0,9,9,18,9,9,18
238,1310,,0,11,11,22,11,11,22
239,4700,,0,2,2,4,2,2,4
240,5606,,0,2,2,4,2,2,4
241,1386,,0,3,3,6,3,3,6
242,1738,,0,3,3,6,3,3,6
243,2566,,0,3,3,6,3,3,6
244,2720,,0,3,3,6,3,3,6
245,9870,,0,3,3,6,3,3,6
246,16779,,0,2,2,4,2,2,4
247,24475,,0,3,3,6,3,3,6
248,25931,,0,10,10,20,10,10,20
249,10243,,0,14,14,28,14,14,28
250,8053,,0,3,3,6,3,3,6
251,8517,,0,7,7,14,7,7,14
252,11785,,0,21,21,42,21,21,42
253,24620,,0,3,3,6,3,3,6
254,5125,,0,3,3,6,3,3,6
255,20850,,0,15,15,30,15,15,30
256,12101,,0,12,12,24,12,12,24
257,1023,,0,29,29,58,29,29,58
258,2512,,0,3,3,6,3,3,6
259,20924,,0,8,8,16,8,8,16
260,1985,,0,2,2,4,2,2,4
261,9763,,0,4,4,8,4,4,8
262,21657,,0,1,1,2,1,1,2
263,2710,,0,33,33,66,33,33,66
264,62,,0,7,7,14,7,7,14
265,18757,,0,8,8,16,8,8,16
266,22184,,0,7,7,14,7,7,14
267,23708,,0,16,16,32,16,16,32
268,1765,,0,8,8,16,8,8,16
269,3032,,0,12,12,24,12,12,24
270,5302,,0,11,11,22,11,11,22
271,7383,,0,13,13,26,13,13,26
272,7768,,0,10,10,20,10,10,20
273,13276,,0,26,26,52,26,26,52
274,17266,,0,9,9,18,9,9,18
275,14967,,0,5,5,10,5,5,10
276,25408,,0,4,4,8,4,4,8
277,11891,,0,4,4,8,4,4,8
278,20243,,0,4,4,8,4,4,8
279,2752,,0,4,4,8,4,4,8
280,10055,,0,17,17,34,17,17,34
281,4241,,0,18,18,36,18,18,36
282,23939,,0,17,17,34,17,17,34
283,639,,0,7,7,14,7,7,14
284,6941,,0,5,5,10,5,5,10
285,23458,,0,4,4,8,4,4,8
286,19233,,0,3,3,6,3,3,6
287,733,,0,2,2,4,2,2,4
288,20597,,0,2,2,4,2,2,4
289,3171,,0,1,1,2,1,1,2
290,19149,,0,1,1,2,1,1,2
291,19340,,0,11,11,22,11,11,22
292,20100,,0,12,12,24,12,12,24
293,4748,,0,19,19,38,19,19,38
294,17439,,0,29,29,58,29,29,58
295,9755,,0,31,31,62,31,31,62
296,5621,,0,22,22,44,22,22,44
297,1254,,0,3,3,6,3,3,6
298,2250,,0,17,17,34,17,17,34
299,7717,,0,17,17,34,17,17,34
300,11015,,0,22,22,44,22,22,44
301,13714,,0,17,17,34,17,17,34
302,14767,,0,17,17,34,17,17,34
303,18971,,0,17,17,34,17,17,34
304,19216,,0,17,17,34,17,17,34
305,20534,,0,17,17,34,17,17,34
306,25205,,0,17,17,34,17,17,34
307,8335,,0,9,9,18,9,9,18
308,13322,,0,4,4,8,4,4,8
309,18619,,0,9,9,18,9,9,18
310,18751,,0,8,8,16,8,8,16
311,5385,,0,13,13,26,13,13,26
312,15305,,0,6,6,12,6,6,12
313,4255,,0,5,5,10,5,5,10
314,4771,,0,6,6,12,6,6,12
315,5251,,0,6,6,12,6,6,12
316,18256,,0,9,9,18,9,9,18
317,18337,,0,9,9,18,9,9,18
318,14123,,0,13,13,26,13,13,26
319,6823,,0,21,21,42,21,21,42
320,6465,,0,5,5,10,5,5,10
321,11563,,0,1,1,2,1,1,2
322,15891,,0,5,5,10,5,5,10
323,17385,,0,18,18,36,18,18,36
324,6172,,0,6,6,12,6,6,12
325,8592,,0,6,6,12,6,6,12
326,19464,,0,2,2,4,2,2,4
327,23968,,0,2,2,4,2,2,4
328,2620,,0,8,8,16,8,8,16
329,5712,,0,14,14,28,14,14,28
330,14003,,0,6,6,12,6,6,12
331,18227,,0,4,4,8,4,4,8
332,20168,,0,10,10,20,10,10,20
333,13847,,0,7,7,14,7,7,14
334,7615,,0,7,7,14,7,7,14
335,24568,,0,8,8,16,8,8,16
336,15244,,0,59,59,118,59,59,118
337,24453,,0,5,5,10,5,5,10
338,6219,,0,3,3,6,3,3,6
339,18160,,0,3,3,6,3,3,6
340,23038,,0,33,33,66,33,33,66
341,2501,,0,10,10,20,10,10,20
342,14615,,0,10,10,20,10,10,20
343,5717,,0,9,9,18,9,9,18
344,13371,,0,4,4,8,4,4,8
345,17187,,0,5,5,10,5,5,10
346,8552,,0,5,5,10,5,5,10
347,1595,,0,1,1,2,1,1,2
348,1910,,0,2,2,4,2,2,4
349,2293,,0,3,3,6,3,3,6
350,4554,,0,2,2,4,2,2,4
351,9316,,0,2,2,4,2,2,4
352,16498,,0,4,4,8,4,4,8
353,17939,,0,1,1,2,1,1,2
354,21587,,0,3,3,6,3,3,6
355,24160,,0,2,2,4,2,2,4
356,25354,,0,4,4,8,4,4,8
357,7350,,0,19,19,38,19,19,38
358,1941,,0,7,7,14,7,7,14
359,15846,,0,10,10,20,10,10,20
360,22691,,0,77,77,154,77,77,154
361,23452,,0,22,22,44,22,22,44
362,18487,,0,27,27,54,27,27,54
363,11241,,0,49,49,98,49,49,98
364,12860,,0,3,3,6,3,3,6
365,21707,,0,3,3,6,3,3,6
366,25053,,0,9,9,18,9,9,18
367,21432,,0,18,18,36,18,18,36
368,22834,,0,6,6,12,6,6,12
369,17850,,0,1,1,2,1,1,2
370,20620,,0,1,1,2,1,1,2
371,12380,,0,3,3,6,3,3,6
372,22275,,0,6,6,12,6,6,12
373,6023,,0,11,11,22,11,11,22
374,19682,,0,4,4,8,4,4,8
375,5107,,0,18,18,36,18,18,36
376,17626,,0,16,16,32,16,16,32
377,3909,,0,17,17,34,17,17,34
378,6468,,0,6,6,12,6,6,12
379,10711,,0,23,23,46,23,23,46
380,14864,,0,10,10,20,10,10,20
381,4624,,0,12,12,24,12,12,24
382,3310,,0,16,16,32,16,16,32
383,10096,,0,18,18,36,18,18,36
384,1620,,0,7,7,14,7,7,14
385,3922,,0,10,10,20,10,10,20
386,9133,,0,1,1,2,1,1,2
387,9895,,0,1,1,2,1,1,2
388,9907,,0,10,10,20,10,10,20
389,11791,,0,3,3,6,3,3,6
390,18457,,0,1,1,2,1,1,2
391,19131,,0,1,1,2,1,1,2
392,19997,,0,1,1,2,1,1,2
393,21491,,0,20,20,40,20,20,40
394,22426,,0,6,6,12,6,6,12
395,22791,,0,2,2,4,2,2,4
396,25158,,0,3,3,6,3,3,6
397,25316,,0,6,6,12,6,6,12
398,14627,,0,5,5,10,5,5,10
399,4575,,0,19,19,38,19,19,38
400,3441,,0,6,6,12,6,6,12
401,1172,,0,8,8,16,8,8,16
402,26194,,0,2,2,4,2,2,4
403,375,,0,1,1,2,1,1,2
404,1838,,0,2,2,4,2,2,4
405,12733,,0,10,10,20,10,10,20
406,13352,,0,8,8,16,8,8,16
407,7645,,0,6,6,12,6,6,12
408,5287,,0,10,10,20,10,10,20
409,482,,0,13,13,26,13,13,26
410,15353,,0,4,4,8,4,4,8
411,3449,,0,2,2,4,2,2,4
412,17979,,0,5,5,10,5,5,10
413,3593,,0,6,6,12,6,6,12
414,6513,,0,2,2,4,2,2,4
415,25138,,0,2,2,4,2,2,4
416,17275,,0,1,1,2,1,1,2
417,9471,,0,24,24,48,24,24,48
418,17944,,0,3,3,6,3,3,6
419,17603,,0,4,4,8,4,4,8
420,17414,,0,9,9,18,9,9,18
421,11026,,0,6,6,12,6,6,12
422,11868,,0,3,3,6,3,3,6
423,3730,,0,3,3,6,3,3,6
424,21321,,0,6,6,12,6,6,12
425,22376,,0,4,4,8,4,4,8
426,24295,,0,4,4,8,4,4,8
427,9713,,0,2,2,4,2,2,4
428,16032,,0,16,16,32,16,16,32
429,3420,,0,3,3,6,3,3,6
430,10130,,0,15,15,30,15,15,30
431,14265,,0,37,37,74,37,37,74
432,2485,,0,2,2,4,2,2,4
433,2949,,0,9,9,18,9,9,18
434,3937,,0,4,4,8,4,4,8
435,23382,,0,30,30,60,30,30,60
436,19423,,0,63,63,126,63,63,126
437,21012,,0,81,81,162,81,81,162
438,15003,,0,62,62,124,62,62,124
439,11082,,0,12,12,24,12,12,24
440,4846,,0,22,22,44,22,22,44
441,824,,0,13,13,26,13,13,26
442,2133,,0,12,12,24,12,12,24
443,12928,,0,11,11,22,11,11,22
444,14419,,0,14,14,28,14,14,28
445,17330,,0,17,17,34,17,17,34
446,22779,,0,11,11,22,11,11,22
447,45,,0,49,49,98,49,49,98
448,46,,0,42,42,84,42,42,84
449,570,,0,48,48,96,48,48,96
450,773,,0,55,55,110,55,55,110
451,1653,,0,56,56,112,56,56,112
452,2212,,0,47,47,94,47,47,94
453,2741,,0,65,65,130,65,65,130
454,2952,,0,45,45,90,45,45,90
455,3372,,0,49,49,98,49,49,98
456,4046,,0,1,1,2,1,1,2
457,4164,,0,54,54,108,54,54,108
458,4511,,0,45,45,90,45,45,90
459,4513,,0,43,43,86,43,43,86
460,5262,,0,1,1,2,1,1,2
461,6179,,0,46,46,92,46,46,92
462,6830,,0,45,45,90,45,45,90
463,7956,,0,56,56,112,56,56,112
464,8879,,0,45,45,90,45,45,90
465,11472,,0,45,45,90,45,45,90
466,12365,,0,77,77,154,77,77,154
467,12496,,0,48,48,96,48,48,96
468,12678,,0,4,4,8,4,4,8
469,12781,,0,57,57,114,57,57,114
470,12851,,0,45,45,90,45,45,90
471,14540,,0,46,46,92,46,46,92
472,14807,,0,60,60,120,60,60,120
473,15659,,0,45,45,90,45,45,90
474,16159,,0,4,4,8,4,4,8
475,17655,,0,66,66,132,66,66,132
476,17692,,0,45,45,90,45,45,90
477,18894,,0,47,47,94,47,47,94
478,19961,,0,45,45,90,45,45,90
479,20108,,0,45,45,90,45,45,90
480,20562,,0,45,45,90,45,45,90
481,20635,,0,47,47,94,47,47,94
482,21281,,0,79,79,158,79,79,158
483,21508,,0,65,65,130,65,65,130
484,21847,,0,48,48,96,48,48,96
485,22798,,0,6,6,12,6,6,12
486,22887,,0,47,47,94,47,47,94
487,24955,,0,51,51,102,51,51,102
488,25346,,0,56,56,112,56,56,112
489,25758,,0,51,51,102,51,51,102
490,934,,0,7,7,14,7,7,14
491,5579,,0,1,1,2,1,1,2
492,10550,,0,4,4,8,4,4,8
493,17331,,0,1,1,2,1,1,2
494,20644,,0,6,6,12,6,6,12
495,22497,,0,4,4,8,4,4,8
496,23387,,0,2,2,4,2,2,4
497,23907,,0,5,5,10,5,5,10
498,24924,,0,22,22,44,22,22,44
499,25080,,0,14,14,28,14,14,28
500,23107,,0,9,9,18,9,9,18
501,12927,,0,16,16,32,16,16,32
502,1728,,0,4,4,8,4,4,8
503,5656,,0,4,4,8,4,4,8
504,6082,,0,1,1,2,1,1,2
505,18488,,0,4,4,8,4,4,8
506,22610,,0,4,4,8,4,4,8
507,8823,,0,24,24,48,24,24,48
508,8261,,0,18,18,36,18,18,36
509,11464,,0,14,14,28,14,14,28
510,17997,,0,14,14,28,14,14,28
511,3231,,0,15,15,30,15,15,30
512,4705,,0,11,11,22,11,11,22
513,4773,,0,15,15,30,15,15,30
514,6411,,0,15,15,30,15,15,30
515,8549,,0,11,11,22,11,11,22
516,16352,,0,15,15,30,15,15,30
517,19808,,0,11,11,22,11,11,22
518,21931,,0,11,11,22,11,11,22
519,22369,,0,11,11,22,11,11,22
520,3719,,0,11,11,22,11,11,22
521,5067,,0,16,16,32,16,16,32
522,6907,,0,16,16,32,16,16,32
523,8072,,0,11,11,22,11,11,22
524,8375,,0,11,11,22,11,11,22
525,9025,,0,16,16,32,16,16,32
526,13649,,0,16,16,32,16,16,32
527,19545,,0,11,11,22,11,11,22
528,25060,,0,11,11,22,11,11,22
529,25289,,0,16,16,32,16,16,32
530,4632,,0,12,12,24,12,12,24
531,14512,,0,14,14,28,14,14,28
532,16594,,0,19,19,38,19,19,38
533,20774,,0,15,15,30,15,15,30
534,3839,,0,15,15,30,15,15,30
535,16674,,0,13,13,26,13,13,26
536,13164,,0,13,13,26,13,13,26
537,2560,,0,9,9,18,9,9,18
538,4146,,0,13,13,26,13,13,26
539,10926,,0,9,9,18,9,9,18
540,12553,,0,9,9,18,9,9,18
541,18668,,0,9,9,18,9,9,18
542,13837,,0,5,5,10,5,5,10
543,17250,,0,5,5,10,5,5,10
544,7384,,0,2,2,4,2,2,4
545,2115,,0,17,17,34,17,17,34
546,11910,,0,2,2,4,2,2,4
547,10532,,0,11,11,22,11,11,22
548,8721,,0,8,8,16,8,8,16
549,15005,,0,8,8,16,8,8,16
550,16022,,0,8,8,16,8,8,16
551,18648,,0,4,4,8,4,4,8
552,16174,,0,4,4,8,4,4,8
553,17589,,0,1,1,2,1,1,2
554,12085,,0,9,9,18,9,9,18
555,1186,,0,17,17,34,17,17,34
556,8503,,0,14,14,28,14,14,28
557,13597,,0,17,17,34,17,17,34
558,7209,,0,3,3,6,3,3,6
559,7844,,0,13,13,26,13,13,26
560,11148,,0,10,10,20,10,10,20
561,16722,,0,7,7,14,7,7,14
562,16726,,0,3,3,6,3,3,6
563,16876,,0,7,7,14,7,7,14
564,1694,,0,10,10,20,10,10,20
565,731,,0,1,1,2,1,1,2
566,21860,,0,8,8,16,8,8,16
567,20662,,0,7,7,14,7,7,14
568,22837,,0,7,7,14,7,7,14
569,9643,,0,4,4,8,4,4,8
570,15683,,0,10,10,20,10,10,20
571,19923,,0,10,10,20,10,10,20
572,20664,,0,10,10,20,10,10,20
573,21824,,0,10,10,20,10,10,20
574,25359,,0,10,10,20,10,10,20
575,580,,0,2,2,4,2,2,4
576,6431,,0,2,2,4,2,2,4
577,22177,,0,21,21,42,21,21,42
578,1000,,0,25,25,50,25,25,50
579,25948,,0,4,4,8,4,4,8
580,676,,0,26,26,52,26,26,52
581,13220,,0,11,11,22,11,11,22
582,21798,,0,8,8,16,8,8,16
583,16729,,0,1,1,2,1,1,2
584,2049,,0,2,2,4,2,2,4
585,9915,,0,2,2,4,2,2,4
586,6774,,0,27,27,54,27,27,54
587,8049,,0,8,8,16,8,8,16
588,11964,,0,13,13,26,13,13,26
589,15538,,0,14,14,28,14,14,28
590,16694,,0,9,9,18,9,9,18
591,22457,,0,30,30,60,30,30,60
592,231,,0,30,30,60,30,30,60
593,2980,,0,24,24,48,24,24,48
594,5578,,0,7,7,14,7,7,14
595,9889,,0,20,20,40,20,20,40
596,22937,,0,18,18,36,18,18,36
597,365,,0,5,5,10,5,5,10
598,14552,,0,5,5,10,5,5,10
599,15585,,0,5,5,10,5,5,10
600,18579,,0,13,13,26,13,13,26
601,5434,,0,4,4,8,4,4,8
602,10383,,0,4,4,8,4,4,8
603,13319,,0,4,4,8,4,4,8
604,16115,,0,6,6,12,6,6,12
605,21583,,0,4,4,8,4,4,8
606,10039,,0,11,11,22,11,11,22
607,5510,,0,7,7,14,7,7,14
608,6963,,0,12,12,24,12,12,24
609,6810,,0,3,3,6,3,3,6
610,13636,,0,2,2,4,2,2,4
611,16696,,0,2,2,4,2,2,4
612,17739,,0,3,3,6,3,3,6
613,19605,,0,2,2,4,2,2,4
614,9482,,0,21,21,42,21,21,42
615,2982,,0,3,3,6,3,3,6
616,2558,,0,2,2,4,2,2,4
617,21910,,0,11,11,22,11,11,22
618,18910,,0,2,2,4,2,2,4
619,18065,,0,8,8,16,8,8,16
620,5838,,0,2,2,4,2,2,4
621,11572,,0,3,3,6,3,3,6
622,21630,,0,2,2,4,2,2,4
623,12422,,0,3,3,6,3,3,6
624,21379,,0,22,22,44,22,22,44
625,25940,,0,2,2,4,2,2,4
626,24023,,0,9,9,18,9,9,18
627,950,,0,7,7,14,7,7,14
628,6056,,0,10,10,20,10,10,20
629,15528,,0,4,4,8,4,4,8
630,163,,0,2,2,4,2,2,4
631,10910,,0,3,3,6,3,3,6
632,25777,,0,9,9,18,9,9,18
633,345,,0,13,13,26,13,13,26
634,1234,,0,7,7,14,7,7,14
635,1841,,0,6,6,12,6,6,12
636,1997,,0,8,8,16,8,8,16
637,2404,,0,8,8,16,8,8,16
638,2450,,0,2,2,4,2,2,4
639,3409,,0,16,16,32,16,16,32
640,5134,,0,7,7,14,7,7,14
641,9341,,0,4,4,8,4,4,8
642,12503,,0,9,9,18,9,9,18
643,13060,,0,9,9,18,9,9,18
644,16611,,0,6,6,12,6,6,12
645,18208,,0,24,24,48,24,24,48
646,18543,,0,8,8,16,8,8,16
647,22421,,0,6,6,12,6,6,12
648,23363,,0,10,10,20,10,10,20
649,23628,,0,6,6,12,6,6,12
650,25251,,0,2,2,4,2,2,4
651,10549,,0,4,4,8,4,4,8
652,2307,,0,2,2,4,2,2,4
653,6934,,0,14,14,28,14,14,28
654,3066,,0,6,6,12,6,6,12
655,7991,,0,4,4,8,4,4,8
656,8116,,0,20,20,40,20,20,40
657,11609,,0,8,8,16,8,8,16
658,15384,,0,2,2,4,2,2,4
659,16946,,0,3,3,6,3,3,6
660,17612,,0,9,9,18,9,9,18
661,13364,,0,8,8,16,8,8,16
662,4036,,0,3,3,6,3,3,6
663,4115,,0,5,5,10,5,5,10
664,12938,,0,8,8,16,8,8,16
665,13032,,0,2,2,4,2,2,4
666,19215,,0,2,2,4,2,2,4
667,22726,,0,3,3,6,3,3,6
668,22966,,0,4,4,8,4,4,8
669,23511,,0,4,4,8,4,4,8
670,25528,,0,3,3,6,3,3,6
671,25836,,0,8,8,16,8,8,16
672,3872,,0,8,8,16,8,8,16
673,12409,,0,3,3,6,3,3,6
674,392,,0,1,1,2,1,1,2
675,3173,,0,1,1,2,1,1,2
676,3853,,0,1,1,2,1,1,2
677,3927,,0,2,2,4,2,2,4
678,3939,,0,18,18,36,18,18,36
679,5218,,0,2,2,4,2,2,4
680,5230,,0,2,2,4,2,2,4
681,6030,,0,4,4,8,4,4,8
682,7504,,0,11,11,22,11,11,22
683,7601,,0,2,2,4,2,2,4
684,8718,,0,2,2,4,2,2,4
685,11621,,0,7,7,14,7,7,14
686,12498,,0,2,2,4,2,2,4
687,12691,,0,2,2,4,2,2,4
688,15251,,0,1,1,2,1,1,2
689,16020,,0,7,7,14,7,7,14
690,16261,,0,1,1,2,1,1,2
691,17156,,0,3,3,6,3,3,6
692,18622,,0,2,2,4,2,2,4
693,19059,,0,6,6,12,6,6,12
694,19525,,0,3,3,6,3,3,6
695,20122,,0,4,4,8,4,4,8
696,20432,,0,5,5,10,5,5,10
697,21866,,0,1,1,2,1,1,2
698,22074,,0,10,10,20,10,10,20
699,23721,,0,3,3,6,3,3,6
700,12637,,0,3,3,6,3,3,6
701,13615,,0,3,3,6,3,3,6
702,5674,,0,1,1,2,1,1,2
703,16607,,0,4,4,8,4,4,8
704,4638,,0,1,1,2,1,1,2
705,23909,,0,1,1,2,1,1,2
706,215,,0,17,17,34,17,17,34
707,185,,0,17,17,34,17,17,34
708,351,,0,17,17,34,17,17,34
709,1074,,0,17,17,34,17,17,34
710,1858,,0,17,17,34,17,17,34
711,4512,,0,17,17,34,17,17,34
712,6892,,0,17,17,34,17,17,34
713,8280,,0,17,17,34,17,17,34
714,14542,,0,17,17,34,17,17,34
715,17751,,0,17,17,34,17,17,34
716,18095,,0,17,17,34,17,17,34
717,18143,,0,17,17,34,17,17,34
718,18649,,0,17,17,34,17,17,34
719,18943,,0,17,17,34,17,17,34
720,19573,,0,17,17,34,17,17,34
721,22601,,0,37,37,74,37,37,74
722,22793,,0,17,17,34,17,17,34
723,9829,,0,15,15,30,15,15,30
724,12212,,0,15,15,30,15,15,30
725,1545,,0,14,14,28,14,14,28
726,25565,,0,4,4,8,4,4,8
727,5116,,0,5,5,10,5,5,10
728,15657,,0,2,2,4,2,2,4
729,20427,,0,4,4,8,4,4,8
730,17800,,0,3,3,6,3,3,6
731,14067,,0,9,9,18,9,9,18
732,2074,,0,2,2,4,2,2,4
733,10996,,0,4,4,8,4,4,8
734,19080,,0,3,3,6,3,3,6
735,12406,,0,10,10,20,10,10,20
736,5266,,0,6,6,12,6,6,12
737,12664,,0,2,2,4,2,2,4
738,17268,,0,4,4,8,4,4,8
739,5672,,0,2,2,4,2,2,4
740,7824,,0,4,4,8,4,4,8
741,8815,,0,2,2,4,2,2,4
742,12065,,0,3,3,6,3,3,6
743,14558,,0,2,2,4,2,2,4
744,15306,,0,1,1,2,1,1,2
745,15400,,0,1,1,2,1,1,2
746,22528,,0,2,2,4,2,2,4
747,22832,,0,2,2,4,2,2,4
748,2081,,0,1,1,2,1,1,2
749,2664,,0,1,1,2,1,1,2
750,13528,,0,2,2,4,2,2,4
751,14628,,0,2,2,4,2,2,4
752,22574,,0,9,9,18,9,9,18
753,25872,,0,1,1,2,1,1,2
754,8710,,0,2,2,4,2,2,4
755,22483,,0,8,8,16,8,8,16
756,8312,,0,7,7,14,7,7,14
757,10765,,0,6,6,12,6,6,12
758,17538,,0,6,6,12,6,6,12
759,25978,,0,6,6,12,6,6,12
760,14952,,0,12,12,24,12,12,24
761,1840,,0,5,5,10,5,5,10
762,4713,,0,5,5,10,5,5,10
763,6824,,0,5,5,10,5,5,10
764,12492,,0,5,5,10,5,5,10
765,4211,,0,9,9,18,9,9,18
766,7104,,0,2,2,4,2,2,4
767,11670,,0,7,7,14,7,7,14
768,11876,,0,5,5,10,5,5,10
769,17808,,0,4,4,8,4,4,8
770,9649,,0,4,4,8,4,4,8
771,10251,,0,5,5,10,5,5,10
772,17294,,0,2,2,4,2,2,4
773,2309,,0,3,3,6,3,3,6
774,6532,,0,3,3,6,3,3,6
775,8553,,0,1,1,2,1,1,2
776,6494,,0,7,7,14,7,7,14
777,6364,,0,6,6,12,6,6,12
778,6857,,0,10,10,20,10,10,20
779,321,,0,2,2,4,2,2,4
780,13556,,0,20,20,40,20,20,40
781,2155,,0,10,10,20,10,10,20
782,5078,,0,8,8,16,8,8,16
783,25172,,0,8,8,16,8,8,16
784,11468,,0,2,2,4,2,2,4
785,11470,,0,2,2,4,2,2,4
786,17804,,0,3,3,6,3,3,6
787,7007,,0,25,25,50,25,25,50
788,8807,,0,4,4,8,4,4,8
789,11032,,0,2,2,4,2,2,4
790,2200,,0,4,4,8,4,4,8
791,17729,,0,2,2,4,2,2,4
792,20052,,0,7,7,14,7,7,14
793,21830,,0,3,3,6,3,3,6
794,12334,,0,13,13,26,13,13,26
795,17536,,0,10,10,20,10,10,20
796,23880,,0,7,7,14,7,7,14
797,2591,,0,6,6,12,6,6,12
798,8932,,0,1,1,2,1,1,2
799,9188,,0,3,3,6,3,3,6
800,9773,,0,2,2,4,2,2,4
801,13713,,0,2,2,4,2,2,4
802,19179,,0,7,7,14,7,7,14
803,17778,,0,5,5,10,5,5,10
804,2556,,0,11,11,22,11,11,22
805,21699,,0,3,3,6,3,3,6
806,25382,,0,3,3,6,3,3,6
807,5136,,0,2,2,4,2,2,4
808,20683,,0,7,7,14,7,7,14
809,11275,,0,19,19,38,19,19,38
810,7801,,0,6,6,12,6,6,12
811,14089,,0,5,5,10,5,5,10
812,25215,,0,5,5,10,5,5,10
813,8851,,0,11,11,22,11,11,22
814,13008,,0,19,19,38,19,19,38
815,22758,,0,11,11,22,11,11,22
816,16101,,0,10,10,20,10,10,20
817,8612,,0,18,18,36,18,18,36
818,615,,0,18,18,36,18,18,36
819,743,,0,9,9,18,9,9,18
820,2076,,0,2,2,4,2,2,4
821,4515,,0,8,8,16,8,8,16
822,5773,,0,4,4,8,4,4,8
823,10822,,0,2,2,4,2,2,4
824,11175,,0,9,9,18,9,9,18
825,11604,,0,5,5,10,5,5,10
826,14004,,0,2,2,4,2,2,4
827,15552,,0,18,18,36,18,18,36
828,16083,,0,10,10,20,10,10,20
829,17932,,0,11,11,22,11,11,22
830,20001,,0,1,1,2,1,1,2
831,23481,,0,5,5,10,5,5,10
832,10590,,0,7,7,14,7,7,14
833,12606,,0,7,7,14,7,7,14
834,19107,,0,6,6,12,6,6,12
835,12308,,0,4,4,8,4,4,8
836,15935,,0,5,5,10,5,5,10
837,18276,,0,4,4,8,4,4,8
838,9306,,0,11,11,22,11,11,22
839,23145,,0,3,3,6,3,3,6
840,13501,,0,2,2,4,2,2,4
841,16216,,0,1,1,2,1,1,2
842,19159,,0,6,6,12,6,6,12
843,26190,,0,5,5,10,5,5,10
844,7245,,0,8,8,16,8,8,16
845,4269,,0,3,3,6,3,3,6
846,26159,,0,3,3,6,3,3,6
847,7893,,0,9,9,18,9,9,18
848,16778,,0,8,8,16,8,8,16
849,18051,,0,10,10,20,10,10,20
850,7533,,0,8,8,16,8,8,16
851,7014,,0,2,2,4,2,2,4
852,21027,,0,2,2,4,2,2,4
853,25189,,0,4,4,8,4,4,8
854,2055,,0,2,2,4,2,2,4
855,25286,,0,13,13,26,13,13,26
856,1425,,0,9,9,18,9,9,18
857,7105,,0,5,5,10,5,5,10
858,23841,,0,10,10,20,10,10,20
859,2883,,0,2,2,4,2,2,4
860,4015,,0,2,2,4,2,2,4
861,9360,,0,10,10,20,10,10,20
862,15144,,0,13,13,26,13,13,26
863,4983,,0,2,2,4,2,2,4
864,5365,,0,1,1,2,1,1,2
865,811,,0,9,9,18,9,9,18
866,15123,,0,3,3,6,3,3,6
867,21776,,0,5,5,10,5,5,10
868,21543,,0,7,7,14,7,7,14
869,13801,,0,45,45,90,45,45,90
870,10825,,0,2,2,4,2,2,4
871,22197,,0,4,4,8,4,4,8
872,195,,0,3,3,6,3,3,6
873,19168,,0,3,3,6,3,3,6
874,20119,,0,5,5,10,5,5,10
875,20236,,0,3,3,6,3,3,6
876,1356,,0,4,4,8,4,4,8
877,1727,,0,7,7,14,7,7,14
878,4125,,0,5,5,10,5,5,10
879,6667,,0,3,3,6,3,3,6
880,6825,,0,2,2,4,2,2,4
881,10351,,0,3,3,6,3,3,6
882,16676,,0,2,2,4,2,2,4
883,21194,,0,1,1,2,1,1,2
884,573,,0,4,4,8,4,4,8
885,9800,,0,9,9,18,9,9,18
886,20716,,0,28,28,56,28,28,56
887,10896,,0,1,1,2,1,1,2
888,20915,,0,1,1,2,1,1,2
889,22848,,0,2,2,4,2,2,4
890,2239,,0,4,4,8,4,4,8
891,22894,,0,2,2,4,2,2,4
892,12763,,0,2,2,4,2,2,4
893,5408,,0,2,2,4,2,2,4
894,19609,,0,2,2,4,2,2,4
895,10912,,0,3,3,6,3,3,6
896,14534,,0,12,12,24,12,12,24
897,19783,,0,1,1,2,1,1,2
898,21705,,0,3,3,6,3,3,6
899,22836,,0,3,3,6,3,3,6
900,11638,,0,2,2,4,2,2,4
901,4442,,0,11,11,22,11,11,22
902,25896,,0,7,7,14,7,7,14
903,21125,,0,12,12,24,12,12,24
904,24398,,0,5,5,10,5,5,10
905,3827,,0,3,3,6,3,3,6
906,8595,,0,3,3,6,3,3,6
907,14691,,0,3,3,6,3,3,6
908,14559,,0,2,2,4,2,2,4
909,11924,,0,1,1,2,1,1,2
910,25437,,0,1,1,2,1,1,2
911,106,,0,4,4,8,4,4,8
912,260,,0,5,5,10,5,5,10
913,2959,,0,10,10,20,10,10,20
914,3677,,0,12,12,24,12,12,24
915,4708,,0,3,3,6,3,3,6
916,5172,,0,10,10,20,10,10,20
917,5541,,0,6,6,12,6,6,12
918,5794,,0,3,3,6,3,3,6
919,5807,,0,9,9,18,9,9,18
920,6575,,0,11,11,22,11,11,22
921,8458,,0,2,2,4,2,2,4
922,10601,,0,2,2,4,2,2,4
923,11401,,0,2,2,4,2,2,4
924,13026,,0,4,4,8,4,4,8
925,13205,,0,5,5,10,5,5,10
926,13659,,0,8,8,16,8,8,16
927,13989,,0,10,10,20,10,10,20
928,14007,,0,4,4,8,4,4,8
929,14009,,0,3,3,6,3,3,6
930,14599,,0,30,30,60,30,30,60
931,15301,,0,2,2,4,2,2,4
932,20934,,0,5,5,10,5,5,10
933,25916,,0,10,10,20,10,10,20
934,26023,,0,3,3,6,3,3,6
935,26051,,0,2,2,4,2,2,4
936,26100,,0,2,2,4,2,2,4
937,13190,,0,11,11,22,11,11,22
938,25469,,0,7,7,14,7,7,14
939,23751,,0,4,4,8,4,4,8
940,7579,,0,2,2,4,2,2,4
941,15793,,0,5,5,10,5,5,10
942,22,,0,6,6,12,6,6,12
943,11183,,0,3,3,6,3,3,6
944,13318,,0,3,3,6,3,3,6
945,17794,,0,5,5,10,5,5,10
946,14661,,0,13,13,26,13,13,26
947,2341,,0,2,2,4,2,2,4
948,2761,,0,4,4,8,4,4,8
949,12545,,0,22,22,44,22,22,44
950,18140,,0,14,14,28,14,14,28
951,7204,,0,6,6,12,6,6,12
952,24057,,0,23,23,46,23,23,46
953,18724,,0,3,3,6,3,3,6
954,18739,,0,4,4,8,4,4,8
955,20954,,0,2,2,4,2,2,4
956,23991,,0,3,3,6,3,3,6
957,15329,,0,3,3,6,3,3,6
958,5435,,0,3,3,6,3,3,6
959,23559,,0,3,3,6,3,3,6
960,5181,,0,4,4,8,4,4,8
961,18091,,0,3,3,6,3,3,6
962,24456,,0,3,3,6,3,3,6
963,24431,,0,8,8,16,8,8,16
964,4550,,0,21,21,42,21,21,42
965,25006,,0,22,22,44,22,22,44
966,11416,,0,7,7,14,7,7,14
967,8222,,0,4,4,8,4,4,8
968,21495,,0,5,5,10,5,5,10
969,11182,,0,4,4,8,4,4,8
970,2047,,0,4,4,8,4,4,8
971,3632,,0,4,4,8,4,4,8
972,15383,,0,4,4,8,4,4,8
973,24385,,0,11,11,22,11,11,22
974,3716,,0,13,13,26,13,13,26
975,8391,,0,4,4,8,4,4,8
976,14497,,0,3,3,6,3,3,6
977,24101,,0,5,5,10,5,5,10
978,13196,,0,4,4,8,4,4,8
979,9659,,0,5,5,10,5,5,10
980,25607,,0,8,8,16,8,8,16
981,11052,,0,6,6,12,6,6,12
982,10879,,0,3,3,6,3,3,6
983,11925,,0,3,3,6,3,3,6
984,15082,,0,3,3,6,3,3,6
985,18595,,0,2,2,4,2,2,4
986,214,,0,7,7,14,7,7,14
987,1488,,0,31,31,62,31,31,62
988,1667,,0,9,9,18,9,9,18
989,20315,,0,4,4,8,4,4,8
990,1561,,0,1,1,2,1,1,2
991,4484,,0,2,2,4,2,2,4
992,22379,,0,2,2,4,2,2,4
993,13096,,0,22,22,44,22,22,44
994,12688,,0,3,3,6,3,3,6
995,20879,,0,15,15,30,15,15,30
996,21943,,0,13,13,26,13,13,26
997,13520,,0,16,16,32,16,16,32
998,9184,,0,21,21,42,21,21,42
999,4697,,0,5,5,10,5,5,10
1000,12135,,0,6,6,12,6,6,12
1001,19433,,0,8,8,16,8,8,16
1002,135,,0,11,11,22,11,11,22
1003,1776,,0,4,4,8,4,4,8
1004,15816,,0,4,4,8,4,4,8
1005,19945,,0,5,5,10,5,5,10
1006,18736,,0,11,11,22,11,11,22
1007,11107,,0,8,8,16,8,8,16
1008,13624,,0,5,5,10,5,5,10
1009,15477,,0,9,9,18,9,9,18
1010,16649,,0,3,3,6,3,3,6
1011,18331,,0,12,12,24,12,12,24
1012,9143,,0,7,7,14,7,7,14
1013,12056,,0,1,1,2,1,1,2
1014,14647,,0,4,4,8,4,4,8
1015,6512,,0,49,49,98,49,49,98
1016,25209,,0,6,6,12,6,6,12
1017,4376,,0,4,4,8,4,4,8
1018,18246,,0,3,3,6,3,3,6
1019,1327,,0,1,1,2,1,1,2
1020,6738,,0,1,1,2,1,1,2
1021,25863,,0,1,1,2,1,1,2
1022,5194,,0,5,5,10,5,5,10
1023,953,,0,3,3,6,3,3,6
1024,6828,,0,1,1,2,1,1,2
1025,25319,,0,1,1,2,1,1,2
1026,22336,,0,11,11,22,11,11,22
1027,14351,,0,9,9,18,9,9,18
1028,205,,0,6,6,12,6,6,12
1029,12389,,0,2,2,4,2,2,4
1030,15718,,0,1,1,2,1,1,2
1031,16506,,0,3,3,6,3,3,6
1032,21650,,0,7,7,14,7,7,14
1033,22502,,0,3,3,6,3,3,6
1034,12842,,0,15,15,30,15,15,30
1035,10381,,0,9,9,18,9,9,18
1036,22721,,0,3,3,6,3,3,6
1037,18973,,0,3,3,6,3,3,6
1038,19207,,0,3,3,6,3,3,6
1039,19580,,0,4,4,8,4,4,8
1040,7025,,0,1,1,2,1,1,2
1041,19161,,0,4,4,8,4,4,8
1042,21831,,0,3,3,6,3,3,6
1043,2449,,0,34,34,68,34,34,68
1044,3076,,0,4,4,8,4,4,8
1045,7444,,0,28,28,56,28,28,56
1046,20574,,0,37,37,74,37,37,74
1047,21629,,0,7,7,14,7,7,14
1048,88,,0,42,42,84,42,42,84
1049,1995,,0,42,42,84,42,42,84
1050,2338,,0,42,42,84,42,42,84
1051,2530,,0,42,42,84,42,42,84
1052,2535,,0,42,42,84,42,42,84
1053,4355,,0,31,31,62,31,31,62
1054,4755,,0,42,42,84,42,42,84
1055,5210,,0,33,33,66,33,33,66
1056,6340,,0,42,42,84,42,42,84
1057,7197,,0,42,42,84,42,42,84
1058,7635,,0,42,42,84,42,42,84
1059,8727,,0,33,33,66,33,33,66
1060,9313,,0,31,31,62,31,31,62
1061,9656,,0,42,42,84,42,42,84
1062,9869,,0,41,41,82,41,41,82
1063,10350,,0,43,43,86,43,43,86
1064,12507,,0,42,42,84,42,42,84
1065,12710,,0,33,33,66,33,33,66
1066,14648,,0,31,31,62,31,31,62
1067,14766,,0,42,42,84,42,42,84
1068,15010,,0,42,42,84,42,42,84
1069,15245,,0,33,33,66,33,33,66
1070,15457,,0,34,34,68,34,34,68
1071,15933,,0,41,41,82,41,41,82
1072,16654,,0,42,42,84,42,42,84
1073,17807,,0,42,42,84,42,42,84
1074,18225,,0,42,42,84,42,42,84
1075,18453,,0,36,36,72,36,36,72
1076,18778,,0,34,34,68,34,34,68
1077,19114,,0,31,31,62,31,31,62
1078,19446,,0,33,33,66,33,33,66
1079,19645,,0,42,42,84,42,42,84
1080,19939,,0,42,42,84,42,42,84
1081,20346,,0,2,2,4,2,2,4
1082,20576,,0,41,41,82,41,41,82
1083,21178,,0,31,31,62,31,31,62
1084,22504,,0,33,33,66,33,33,66
1085,23712,,0,34,34,68,34,34,68
1086,24718,,0,40,40,80,40,40,80
1087,15081,,0,4,4,8,4,4,8
1088,20660,,0,4,4,8,4,4,8
1089,8087,,0,3,3,6,3,3,6
1090,15523,,0,2,2,4,2,2,4
1091,17339,,0,1,1,2,1,1,2
1092,19711,,0,1,1,2,1,1,2
1093,20307,,0,2,2,4,2,2,4
1094,5840,,0,2,2,4,2,2,4
1095,8614,,0,1,1,2,1,1,2
1096,22609,,0,3,3,6,3,3,6
1097,7899,,0,5,5,10,5,5,10
1098,4466,,0,6,6,12,6,6,12
1099,10983,,0,12,12,24,12,12,24
1100,5497,,0,3,3,6,3,3,6
1101,17738,,0,8,8,16,8,8,16
1102,20478,,0,26,26,52,26,26,52
1103,7264,,0,15,15,30,15,15,30
1104,11447,,0,4,4,8,4,4,8
1105,15625,,0,1,1,2,1,1,2
1106,15917,,0,4,4,8,4,4,8
1107,18790,,0,2,2,4,2,2,4
1108,3679,,0,3,3,6,3,3,6
1109,4364,,0,33,33,66,33,33,66
1110,19445,,0,1,1,2,1,1,2
1111,19495,,0,1,1,2,1,1,2
1112,1116,,0,9,9,18,9,9,18
1113,15399,,0,3,3,6,3,3,6
1114,18222,,0,4,4,8,4,4,8
1115,21287,,0,8,8,16,8,8,16
1116,23227,,0,1,1,2,1,1,2
1117,19489,,0,16,16,32,16,16,32
1118,22778,,0,10,10,20,10,10,20
1119,25698,,0,13,13,26,13,13,26
1120,23441,,0,11,11,22,11,11,22
1121,6421,,0,6,6,12,6,6,12
1122,8224,,0,6,6,12,6,6,12
1123,11696,,0,19,19,38,19,19,38
1124,574,,0,2,2,4,2,2,4
1125,6971,,0,4,4,8,4,4,8
1126,13282,,0,5,5,10,5,5,10
1127,15409,,0,2,2,4,2,2,4
1128,18745,,0,3,3,6,3,3,6
1129,18758,,0,3,3,6,3,3,6
1130,21497,,0,3,3,6,3,3,6
1131,3651,,0,35,35,70,35,35,70
1132,6351,,0,3,3,6,3,3,6
1133,5175,,0,6,6,12,6,6,12
1134,4766,,0,2,2,4,2,2,4
1135,5143,,0,2,2,4,2,2,4
1136,9735,,0,4,4,8,4,4,8
1137,17396,,0,1,1,2,1,1,2
1138,26138,,0,2,2,4,2,2,4
1139,10794,,0,2,2,4,2,2,4
1140,7050,,0,6,6,12,6,6,12
1141,25850,,0,2,2,4,2,2,4
1142,10113,,0,12,12,24,12,12,24
1143,10657,,0,2,2,4,2,2,4
1144,12130,,0,11,11,22,11,11,22
1145,17172,,0,8,8,16,8,8,16
1146,7042,,0,4,4,8,4,4,8
1147,11661,,0,8,8,16,8,8,16
1148,21994,,0,17,17,34,17,17,34
1149,9943,,0,11,11,22,11,11,22
1150,15614,,0,7,7,14,7,7,14
1151,16368,,0,11,11,22,11,11,22
1152,17285,,0,6,6,12,6,6,12
1153,21407,,0,6,6,12,6,6,12
1154,11077,,0,14,14,28,14,14,28
1155,22951,,0,8,8,16,8,8,16
1156,25589,,0,3,3,6,3,3,6
1157,16006,,0,17,17,34,17,17,34
1158,22621,,0,3,3,6,3,3,6
1159,23110,,0,8,8,16,8,8,16
1160,22693,,0,3,3,6,3,3,6
1161,23920,,0,3,3,6,3,3,6
1162,16521,,0,4,4,8,4,4,8
1163,20517,,0,3,3,6,3,3,6
1164,24029,,0,5,5,10,5,5,10
1165,13411,,0,8,8,16,8,8,16
1166,19954,,0,6,6,12,6,6,12
1167,10456,,0,9,9,18,9,9,18
1168,11746,,0,7,7,14,7,7,14
1169,21800,,0,4,4,8,4,4,8
1170,7811,,0,2,2,4,2,2,4
1171,22269,,0,4,4,8,4,4,8
1172,3890,,0,9,9,18,9,9,18
1173,12306,,0,3,3,6,3,3,6
1174,3243,,0,3,3,6,3,3,6
1175,7985,,0,15,15,30,15,15,30
1176,16994,,0,20,20,40,20,20,40
1177,24148,,0,3,3,6,3,3,6
1178,23470,,0,6,6,12,6,6,12
1179,10026,,0,2,2,4,2,2,4
1180,15316,,0,3,3,6,3,3,6
1181,1339,,0,5,5,10,5,5,10
1182,3164,,0,6,6,12,6,6,12
1183,15580,,0,7,7,14,7,7,14
1184,16393,,0,4,4,8,4,4,8
1185,20956,,0,1,1,2,1,1,2
1186,11613,,0,3,3,6,3,3,6
1187,22917,,0,11,11,22,11,11,22
1188,17131,,0,3,3,6,3,3,6
1189,8824,,0,2,2,4,2,2,4
1190,14547,,0,1,1,2,1,1,2
1191,18182,,0,3,3,6,3,3,6
1192,25272,,0,1,1,2,1,1,2
1193,2661,,0,7,7,14,7,7,14
1194,8067,,0,5,5,10,5,5,10
1195,8208,,0,3,3,6,3,3,6
1196,11132,,0,7,7,14,7,7,14
1197,11402,,0,4,4,8,4,4,8
1198,12980,,0,8,8,16,8,8,16
1199,14969,,0,7,7,14,7,7,14
1200,16389,,0,26,26,52,26,26,52
1201,18109,,0,5,5,10,5,5,10
1202,18365,,0,14,14,28,14,14,28
1203,24845,,0,8,8,16,8,8,16
1204,25379,,0,2,2,4,2,2,4
1205,6482,,0,13,13,26,13,13,26
1206,2059,,0,1,1,2,1,1,2
1207,22372,,0,2,2,4,2,2,4
1208,4180,,0,6,6,12,6,6,12
1209,12679,,0,2,2,4,2,2,4
1210,8701,,0,10,10,20,10,10,20
1211,20116,,0,7,7,14,7,7,14
1212,25684,,0,3,3,6,3,3,6
1213,5639,,0,7,7,14,7,7,14
1214,17875,,0,3,3,6,3,3,6
1215,23095,,0,3,3,6,3,3,6
1216,11612,,0,2,2,4,2,2,4
1217,24944,,0,2,2,4,2,2,4
1218,10041,,0,6,6,12,6,6,12
1219,13995,,0,5,5,10,5,5,10
1220,18681,,0,3,3,6,3,3,6
1221,9283,,0,7,7,14,7,7,14
1222,8922,,0,1,1,2,1,1,2
1223,9488,,0,1,1,2,1,1,2
1224,17182,,0,1,1,2,1,1,2
1225,3595,,0,4,4,8,4,4,8
1226,18174,,0,4,4,8,4,4,8
1227,4382,,0,1,1,2,1,1,2
1228,26141,,0,4,4,8,4,4,8
1229,11053,,0,6,6,12,6,6,12
1230,23403,,0,11,11,22,11,11,22
1231,5769,,0,2,2,4,2,2,4
1232,18723,,0,4,4,8,4,4,8
1233,21090,,0,3,3,6,3,3,6
1234,3280,,0,2,2,4,2,2,4
1235,869,,0,5,5,10,5,5,10
1236,3618,,0,13,13,26,13,13,26
1237,14709,,0,6,6,12,6,6,12
1238,4952,,0,28,28,56,28,28,56
1239,23134,,0,21,21,42,21,21,42
1240,17859,,0,3,3,6,3,3,6
1241,19387,,0,4,4,8,4,4,8
1242,22144,,0,11,11,22,11,11,22
1243,12981,,0,1,1,2,1,1,2
1244,1265,,0,10,10,20,10,10,20
1245,1839,,0,9,9,18,9,9,18
1246,3063,,0,3,3,6,3,3,6
1247,3502,,0,9,9,18,9,9,18
1248,4446,,0,4,4,8,4,4,8
1249,6009,,0,4,4,8,4,4,8
1250,6896,,0,4,4,8,4,4,8
1251,9736,,0,4,4,8,4,4,8
1252,9980,,0,2,2,4,2,2,4
1253,13470,,0,2,2,4,2,2,4
1254,15126,,0,9,9,18,9,9,18
1255,16881,,0,9,9,18,9,9,18
1256,17828,,0,9,9,18,9,9,18
1257,18210,,0,3,3,6,3,3,6
1258,19140,,0,7,7,14,7,7,14
1259,19316,,0,4,4,8,4,4,8
1260,23864,,0,9,9,18,9,9,18
1261,25910,,0,12,12,24,12,12,24
1262,25917,,0,3,3,6,3,3,6
1263,6944,,0,2,2,4,2,2,4
1264,12660,,0,2,2,4,2,2,4
1265,25996,,0,5,5,10,5,5,10
1266,6218,,0,13,13,26,13,13,26
1267,1278,,0,8,8,16,8,8,16
1268,16743,,0,3,3,6,3,3,6
1269,11102,,0,5,5,10,5,5,10
1270,25516,,0,8,8,16,8,8,16
1271,14991,,0,2,2,4,2,2,4
1272,1832,,0,3,3,6,3,3,6
1273,4383,,0,1,1,2,1,1,2
1274,9397,,0,23,23,46,23,23,46
1275,14344,,0,3,3,6,3,3,6
1276,14385,,0,3,3,6,3,3,6
1277,24163,,0,2,2,4,2,2,4
1278,2420,,0,5,5,10,5,5,10
1279,22423,,0,16,16,32,16,16,32
1280,26170,,0,2,2,4,2,2,4
1281,9241,,0,13,13,26,13,13,26
1282,22644,,0,12,12,24,12,12,24
1283,4576,,0,1,1,2,1,1,2
1284,7206,,0,1,1,2,1,1,2
1285,7485,,0,3,3,6,3,3,6
1286,9389,,0,3,3,6,3,3,6
1287,9426,,0,3,3,6,3,3,6
1288,10246,,0,1,1,2,1,1,2
1289,17953,,0,2,2,4,2,2,4
1290,18946,,0,1,1,2,1,1,2
1291,18983,,0,4,4,8,4,4,8
1292,19013,,0,2,2,4,2,2,4
1293,23986,,0,7,7,14,7,7,14
1294,4555,,0,2,2,4,2,2,4
1295,21995,,0,2,2,4,2,2,4
1296,22476,,0,7,7,14,7,7,14
1297,8715,,0,4,4,8,4,4,8
1298,7522,,0,4,4,8,4,4,8
1299,9255,,0,4,4,8,4,4,8
1300,20065,,0,2,2,4,2,2,4
1301,23910,,0,1,1,2,1,1,2
1302,25572,,0,2,2,4,2,2,4
1303,25582,,0,9,9,18,9,9,18
1304,6804,,0,7,7,14,7,7,14
1305,19624,,0,4,4,8,4,4,8
1306,1958,,0,19,19,38,19,19,38
1307,10895,,0,8,8,16,8,8,16
1308,16162,,0,6,6,12,6,6,12
1309,9216,,0,3,3,6,3,3,6
1310,19019,,0,1,1,2,1,1,2
1311,22507,,0,3,3,6,3,3,6
1312,22556,,0,2,2,4,2,2,4
1313,5061,,0,1,1,2,1,1,2
1314,20317,,0,1,1,2,1,1,2
1315,403,,0,1,1,2,1,1,2
1316,16210,,0,13,13,26,13,13,26
1317,16414,,0,21,21,42,21,21,42
1318,4068,,0,13,13,26,13,13,26
1319,8768,,0,18,18,36,18,18,36
1320,9937,,0,7,7,14,7,7,14
1321,9993,,0,4,4,8,4,4,8
1322,17289,,0,2,2,4,2,2,4
1323,23051,,0,8,8,16,8,8,16
1324,21165,,0,2,2,4,2,2,4
1325,4642,,0,1,1,2,1,1,2
1326,16708,,0,4,4,8,4,4,8
1327,17721,,0,10,10,20,10,10,20
1328,1078,,0,5,5,10,5,5,10
1329,5164,,0,4,4,8,4,4,8
1330,9387,,0,1,1,2,1,1,2
1331,11640,,0,2,2,4,2,2,4
1332,17116,,0,5,5,10,5,5,10
1333,19741,,0,5,5,10,5,5,10
1334,22149,,0,1,1,2,1,1,2
1335,21754,,0,12,12,24,12,12,24
1336,24270,,0,7,7,14,7,7,14
1337,12654,,0,8,8,16,8,8,16
1338,193,,0,4,4,8,4,4,8
1339,10819,,0,4,4,8,4,4,8
1340,11231,,0,6,6,12,6,6,12
1341,12149,,0,3,3,6,3,3,6
1342,20129,,0,6,6,12,6,6,12
1343,23114,,0,14,14,28,14,14,28
1344,13740,,0,11,11,22,11,11,22
1345,4702,,0,2,2,4,2,2,4
1346,14128,,0,4,4,8,4,4,8
1347,19527,,0,4,4,8,4,4,8
1348,19784,,0,2,2,4,2,2,4
1349,25486,,0,3,3,6,3,3,6
1350,26,,0,5,5,10,5,5,10
1351,1407,,0,6,6,12,6,6,12
1352,11801,,0,11,11,22,11,11,22
1353,13142,,0,28,28,56,28,28,56
1354,15108,,0,22,22,44,22,22,44
1355,12968,,0,10,10,20,10,10,20
1356,17308,,0,2,2,4,2,2,4
1357,16967,,0,8,8,16,8,8,16
1358,4552,,0,3,3,6,3,3,6
1359,9862,,0,7,7,14,7,7,14
1360,3999,,0,1,1,2,1,1,2
1361,8211,,0,2,2,4,2,2,4
1362,12373,,0,2,2,4,2,2,4
1363,20059,,0,7,7,14,7,7,14
1364,12286,,0,10,10,20,10,10,20
1365,8305,,0,3,3,6,3,3,6
1366,22771,,0,1,1,2,1,1,2
1367,8219,,0,2,2,4,2,2,4
1368,12665,,0,1,1,2,1,1,2
1369,15321,,0,5,5,10,5,5,10
1370,20647,,0,3,3,6,3,3,6
1371,20827,,0,8,8,16,8,8,16
1372,2805,,0,2,2,4,2,2,4
1373,4249,,0,2,2,4,2,2,4
1374,14834,,0,14,14,28,14,14,28
1375,836,,0,3,3,6,3,3,6
1376,16747,,0,5,5,10,5,5,10
1377,18193,,0,5,5,10,5,5,10
1378,1511,,0,3,3,6,3,3,6
1379,3718,,0,2,2,4,2,2,4
1380,7511,,0,2,2,4,2,2,4
1381,5901,,0,27,27,54,27,27,54
1382,22082,,0,5,5,10,5,5,10
1383,5695,,0,17,17,34,17,17,34
1384,4416,,0,19,19,38,19,19,38
1385,8972,,0,4,4,8,4,4,8
1386,9511,,0,6,6,12,6,6,12
1387,15559,,0,5,5,10,5,5,10
1388,8063,,0,5,5,10,5,5,10
1389,9419,,0,1,1,2,1,1,2
1390,7882,,0,8,8,16,8,8,16
1391,21588,,0,1,1,2,1,1,2
1392,22620,,0,2,2,4,2,2,4
1393,20148,,0,12,12,24,12,12,24
1394,4896,,0,10,10,20,10,10,20
1395,12247,,0,5,5,10,5,5,10
1396,9194,,0,2,2,4,2,2,4
1397,17797,,0,1,1,2,1,1,2
1398,4258,,0,8,8,16,8,8,16
1399,5608,,0,4,4,8,4,4,8
1400,5771,,0,7,7,14,7,7,14
1401,6675,,0,10,10,20,10,10,20
1402,7386,,0,2,2,4,2,2,4
1403,16264,,0,7,7,14,7,7,14
1404,17401,,0,1,1,2,1,1,2
1405,18741,,0,7,7,14,7,7,14
1406,19895,,0,4,4,8,4,4,8
1407,23741,,0,5,5,10,5,5,10
1408,25107,,0,10,10,20,10,10,20
1409,25439,,0,7,7,14,7,7,14
1410,11712,,0,12,12,24,12,12,24
1411,3412,,0,3,3,6,3,3,6
1412,894,,0,5,5,10,5,5,10
1413,4814,,0,10,10,20,10,10,20
1414,5441,,0,8,8,16,8,8,16
1415,5934,,0,17,17,34,17,17,34
1416,9075,,0,2,2,4,2,2,4
1417,10623,,0,6,6,12,6,6,12
1418,11491,,0,3,3,6,3,3,6
1419,12659,,0,9,9,18,9,9,18
1420,21324,,0,5,5,10,5,5,10
1421,21665,,0,4,4,8,4,4,8
1422,22734,,0,3,3,6,3,3,6
1423,23246,,0,6,6,12,6,6,12
1424,21718,,0,6,6,12,6,6,12
1425,22290,,0,2,2,4,2,2,4
1426,24113,,0,1,1,2,1,1,2
1427,7307,,0,26,26,52,26,26,52
1428,24001,,0,6,6,12,6,6,12
1429,19657,,0,10,10,20,10,10,20
1430,3630,,0,8,8,16,8,8,16
1431,5953,,0,14,14,28,14,14,28
1432,16817,,0,9,9,18,9,9,18
1433,15880,,0,9,9,18,9,9,18
1434,4966,,0,3,3,6,3,3,6
1435,19493,,0,5,5,10,5,5,10
1436,4283,,0,3,3,6,3,3,6
1437,6408,,0,12,12,24,12,12,24
1438,7715,,0,2,2,4,2,2,4
1439,8920,,0,1,1,2,1,1,2
1440,23256,,0,5,5,10,5,5,10
1441,4588,,0,6,6,12,6,6,12
1442,25056,,0,2,2,4,2,2,4
1443,14496,,0,2,2,4,2,2,4
1444,1594,,0,5,5,10,5,5,10
1445,9030,,0,4,4,8,4,4,8
1446,320,,0,6,6,12,6,6,12
1447,1897,,0,2,2,4,2,2,4
1448,5602,,0,2,2,4,2,2,4
1449,6024,,0,2,2,4,2,2,4
1450,17464,,0,2,2,4,2,2,4
1451,17590,,0,2,2,4,2,2,4
1452,18042,,0,4,4,8,4,4,8
1453,21315,,0,1,1,2,1,1,2
1454,22770,,0,1,1,2,1,1,2
1455,9125,,0,2,2,4,2,2,4
1456,15943,,0,2,2,4,2,2,4
1457,4023,,0,3,3,6,3,3,6
1458,22394,,0,2,2,4,2,2,4
1459,15455,,0,17,17,34,17,17,34
1460,17075,,0,19,19,38,19,19,38
1461,12287,,0,3,3,6,3,3,6
1462,16331,,0,3,3,6,3,3,6
1463,19184,,0,2,2,4,2,2,4
1464,1229,,0,7,7,14,7,7,14
1465,20702,,0,3,3,6,3,3,6
1466,25225,,0,3,3,6,3,3,6
1467,17911,,0,14,14,28,14,14,28
1468,26127,,0,8,8,16,8,8,16
1469,24833,,0,17,17,34,17,17,34
1470,543,,0,24,24,48,24,24,48
1471,9092,,0,3,3,6,3,3,6
1472,18125,,0,3,3,6,3,3,6
1473,19675,,0,16,16,32,16,16,32
1474,23693,,0,9,9,18,9,9,18
1475,3501,,0,23,23,46,23,23,46
1476,5848,,0,4,4,8,4,4,8
1477,22493,,0,7,7,14,7,7,14
1478,12453,,0,15,15,30,15,15,30
1479,4458,,0,10,10,20,10,10,20
1480,8387,,0,2,2,4,2,2,4
1481,179,,0,3,3,6,3,3,6
1482,547,,0,5,5,10,5,5,10
1483,1829,,0,6,6,12,6,6,12
1484,1982,,0,3,3,6,3,3,6
1485,4989,,0,4,4,8,4,4,8
1486,18870,,0,5,5,10,5,5,10
1487,20062,,0,4,4,8,4,4,8
1488,22464,,0,3,3,6,3,3,6
1489,25204,,0,1,1,2,1,1,2
1490,16575,,0,6,6,12,6,6,12
1491,379,,0,2,2,4,2,2,4
1492,6064,,0,6,6,12,6,6,12
1493,9439,,0,6,6,12,6,6,12
1494,10907,,0,2,2,4,2,2,4
1495,6390,,0,1,1,2,1,1,2
1496,5109,,0,2,2,4,2,2,4
1497,20101,,0,1,1,2,1,1,2
1498,23096,,0,1,1,2,1,1,2
1499,2803,,0,1,1,2,1,1,2
1500,8862,,0,7,7,14,7,7,14
1501,78,,0,4,4,8,4,4,8
1502,4877,,0,3,3,6,3,3,6
1503,8254,,0,13,13,26,13,13,26
1504,12155,,0,3,3,6,3,3,6
1505,24932,,0,5,5,10,5,5,10
1506,17379,,0,14,14,28,14,14,28
1507,2465,,0,4,4,8,4,4,8
1508,2592,,0,2,2,4,2,2,4
1509,3977,,0,7,7,14,7,7,14
1510,5055,,0,1,1,2,1,1,2
1511,9265,,0,1,1,2,1,1,2
1512,19890,,0,6,6,12,6,6,12
1513,20341,,0,1,1,2,1,1,2
1514,21560,,0,2,2,4,2,2,4
1515,888,,0,6,6,12,6,6,12
1516,1520,,0,6,6,12,6,6,12
1517,6627,,0,3,3,6,3,3,6
1518,18676,,0,9,9,18,9,9,18
1519,23351,,0,9,9,18,9,9,18
1520,23689,,0,3,3,6,3,3,6
1521,24114,,0,1,1,2,1,1,2
1522,9264,,0,5,5,10,5,5,10
1523,17426,,0,2,2,4,2,2,4
1524,11919,,0,4,4,8,4,4,8
1525,1403,,0,7,7,14,7,7,14
1526,22046,,0,11,11,22,11,11,22
1527,3561,,0,9,9,18,9,9,18
1528,15365,,0,5,5,10,5,5,10
1529,16931,,0,8,8,16,8,8,16
1530,14638,,0,5,5,10,5,5,10
1531,12587,,0,15,15,30,15,15,30
1532,4195,,0,5,5,10,5,5,10
1533,7069,,0,4,4,8,4,4,8
1534,9098,,0,2,2,4,2,2,4
1535,21723,,0,5,5,10,5,5,10
1536,24587,,0,1,1,2,1,1,2
1537,10969,,0,2,2,4,2,2,4
1538,13321,,0,1,1,2,1,1,2
1539,16958,,0,1,1,2,1,1,2
1540,19109,,0,5,5,10,5,5,10
1541,23346,,0,1,1,2,1,1,2
1542,17359,,0,9,9,18,9,9,18
1543,23558,,0,4,4,8,4,4,8
1544,1711,,0,8,8,16,8,8,16
1545,2915,,0,3,3,6,3,3,6
1546,1963,,0,2,2,4,2,2,4
1547,4302,,0,4,4,8,4,4,8
1548,8475,,0,4,4,8,4,4,8
1549,19022,,0,6,6,12,6,6,12
1550,26181,,0,4,4,8,4,4,8
1551,17245,,0,6,6,12,6,6,12
1552,23943,,0,4,4,8,4,4,8
1553,17443,,0,6,6,12,6,6,12
1554,141,,0,4,4,8,4,4,8
1555,8408,,0,8,8,16,8,8,16
1556,17286,,0,4,4,8,4,4,8
1557,13388,,0,2,2,4,2,2,4
1558,12739,,0,7,7,14,7,7,14
1559,1672,,0,4,4,8,4,4,8
1560,8079,,0,4,4,8,4,4,8
1561,11461,,0,6,6,12,6,6,12
1562,16755,,0,3,3,6,3,3,6
1563,13310,,0,2,2,4,2,2,4
1564,23224,,0,3,3,6,3,3,6
1565,1350,,0,1,1,2,1,1,2
1566,18037,,0,3,3,6,3,3,6
1567,23423,,0,5,5,10,5,5,10
1568,9987,,0,1,1,2,1,1,2
1569,21554,,0,1,1,2,1,1,2
1570,17309,,0,1,1,2,1,1,2
1571,2193,,0,6,6,12,6,6,12
1572,3917,,0,3,3,6,3,3,6
1573,6858,,0,3,3,6,3,3,6
1574,8148,,0,3,3,6,3,3,6
1575,12478,,0,10,10,20,10,10,20
1576,15366,,0,3,3,6,3,3,6
1577,18398,,0,3,3,6,3,3,6
1578,21806,,0,6,6,12,6,6,12
1579,26196,,0,7,7,14,7,7,14
1580,16976,,0,11,11,22,11,11,22
1581,6434,,0,6,6,12,6,6,12
1582,5812,,0,8,8,16,8,8,16
1583,17248,,0,3,3,6,3,3,6
1584,20853,,0,6,6,12,6,6,12
1585,5547,,0,3,3,6,3,3,6
1586,5659,,0,3,3,6,3,3,6
1587,7883,,0,3,3,6,3,3,6
1588,12313,,0,3,3,6,3,3,6
1589,15160,,0,3,3,6,3,3,6
1590,19325,,0,3,3,6,3,3,6
1591,21205,,0,3,3,6,3,3,6
1592,22831,,0,3,3,6,3,3,6
1593,20207,,0,10,10,20,10,10,20
1594,1280,,0,3,3,6,3,3,6
1595,11591,,0,8,8,16,8,8,16
1596,16921,,0,12,12,24,12,12,24
1597,13480,,0,6,6,12,6,6,12
1598,5209,,0,12,12,24,12,12,24
1599,25902,,0,9,9,18,9,9,18
1600,1014,,0,4,4,8,4,4,8
1601,19150,,0,4,4,8,4,4,8
1602,3743,,0,8,8,16,8,8,16
1603,1817,,0,5,5,10,5,5,10
1604,3725,,0,4,4,8,4,4,8
1605,5366,,0,2,2,4,2,2,4
1606,15911,,0,4,4,8,4,4,8
1607,593,,0,16,16,32,16,16,32
1608,12627,,0,15,15,30,15,15,30
1609,12386,,0,5,5,10,5,5,10
1610,13333,,0,5,5,10,5,5,10
1611,23896,,0,15,15,30,15,15,30
1612,9082,,0,6,6,12,6,6,12
1613,1008,,0,8,8,16,8,8,16
1614,2185,,0,8,8,16,8,8,16
1615,8369,,0,4,4,8,4,4,8
1616,11824,,0,8,8,16,8,8,16
1617,12066,,0,8,8,16,8,8,16
1618,16888,,0,4,4,8,4,4,8
1619,20808,,0,8,8,16,8,8,16
1620,21815,,0,8,8,16,8,8,16
1621,7103,,0,1,1,2,1,1,2
1622,18592,,0,5,5,10,5,5,10
1623,22765,,0,2,2,4,2,2,4
1624,13385,,0,1,1,2,1,1,2
1625,19578,,0,1,1,2,1,1,2
1626,21615,,0,1,1,2,1,1,2
1627,8978,,0,4,4,8,4,4,8
1628,9017,,0,28,28,56,28,28,56
1629,15170,,0,4,4,8,4,4,8
1630,16589,,0,5,5,10,5,5,10
1631,2255,,0,5,5,10,5,5,10
1632,3056,,0,3,3,6,3,3,6
1633,6158,,0,4,4,8,4,4,8
1634,7324,,0,4,4,8,4,4,8
1635,8365,,0,12,12,24,12,12,24
1636,9023,,0,1,1,2,1,1,2
1637,11444,,0,3,3,6,3,3,6
1638,12324,,0,5,5,10,5,5,10
1639,12472,,0,11,11,22,11,11,22
1640,13831,,0,16,16,32,16,16,32
1641,14746,,0,25,25,50,25,25,50
1642,16128,,0,4,4,8,4,4,8
1643,18875,,0,8,8,16,8,8,16
1644,19900,,0,4,4,8,4,4,8
1645,20000,,0,5,5,10,5,5,10
1646,20806,,0,2,2,4,2,2,4
1647,21944,,0,4,4,8,4,4,8
1648,23302,,0,3,3,6,3,3,6
1649,23665,,0,12,12,24,12,12,24
1650,23758,,0,2,2,4,2,2,4
1651,24722,,0,4,4,8,4,4,8
1652,12045,,0,1,1,2,1,1,2
1653,14181,,0,10,10,20,10,10,20
1654,20257,,0,3,3,6,3,3,6
1655,21613,,0,3,3,6,3,3,6
1656,24219,,0,2,2,4,2,2,4
1657,16801,,0,1,1,2,1,1,2
1658,18940,,0,15,15,30,15,15,30
1659,3765,,0,7,7,14,7,7,14
1660,3418,,0,5,5,10,5,5,10
1661,18788,,0,4,4,8,4,4,8
1662,7154,,0,13,13,26,13,13,26
1663,1090,,0,6,6,12,6,6,12
1664,2789,,0,5,5,10,5,5,10
1665,25597,,0,3,3,6,3,3,6
1666,11047,,0,4,4,8,4,4,8
1667,124,,0,2,2,4,2,2,4
1668,14319,,0,3,3,6,3,3,6
1669,15663,,0,1,1,2,1,1,2
1670,16937,,0,2,2,4,2,2,4
1671,18052,,0,3,3,6,3,3,6
1672,20258,,0,2,2,4,2,2,4
1673,8376,,0,3,3,6,3,3,6
1674,8888,,0,3,3,6,3,3,6
1675,13067,,0,6,6,12,6,6,12
1676,8876,,0,3,3,6,3,3,6
1677,2503,,0,3,3,6,3,3,6
1678,5465,,0,3,3,6,3,3,6
1679,18141,,0,3,3,6,3,3,6
1680,20663,,0,3,3,6,3,3,6
1681,19093,,0,5,5,10,5,5,10
1682,20373,,0,25,25,50,25,25,50
1683,10406,,0,7,7,14,7,7,14
1684,3990,,0,3,3,6,3,3,6
1685,15166,,0,3,3,6,3,3,6
1686,13346,,0,13,13,26,13,13,26
1687,2182,,0,5,5,10,5,5,10
1688,4080,,0,4,4,8,4,4,8
1689,19324,,0,4,4,8,4,4,8
1690,20567,,0,11,11,22,11,11,22
1691,8732,,0,3,3,6,3,3,6
1692,10022,,0,4,4,8,4,4,8
1693,14932,,0,6,6,12,6,6,12
1694,16659,,0,3,3,6,3,3,6
1695,22377,,0,3,3,6,3,3,6
1696,4213,,0,3,3,6,3,3,6
1697,7045,,0,10,10,20,10,10,20
1698,11892,,0,1,1,2,1,1,2
1699,20645,,0,2,2,4,2,2,4
1700,23264,,0,1,1,2,1,1,2
1701,8367,,0,1,1,2,1,1,2
1702,81,,0,2,2,4,2,2,4
1703,15198,,0,1,1,2,1,1,2
1704,18067,,0,1,1,2,1,1,2
1705,18297,,0,6,6,12,6,6,12
1706,19781,,0,8,8,16,8,8,16
1707,10600,,0,6,6,12,6,6,12
1708,13493,,0,3,3,6,3,3,6
1709,13496,,0,2,2,4,2,2,4
1710,18791,,0,2,2,4,2,2,4
1711,23394,,0,6,6,12,6,6,12
1712,10211,,0,10,10,20,10,10,20
1713,15300,,0,19,19,38,19,19,38
1714,2165,,0,13,13,26,13,13,26
1715,14430,,0,15,15,30,15,15,30
1716,14176,,0,2,2,4,2,2,4
1717,15617,,0,1,1,2,1,1,2
1718,7510,,0,2,2,4,2,2,4
1719,197,,0,2,2,4,2,2,4
1720,1343,,0,3,3,6,3,3,6
1721,2991,,0,2,2,4,2,2,4
1722,8299,,0,1,1,2,1,1,2
1723,15416,,0,2,2,4,2,2,4
1724,18088,,0,8,8,16,8,8,16
1725,6724,,0,8,8,16,8,8,16
1726,2630,,0,5,5,10,5,5,10
1727,7563,,0,7,7,14,7,7,14
1728,14403,,0,11,11,22,11,11,22
1729,18217,,0,4,4,8,4,4,8
1730,11812,,0,2,2,4,2,2,4
1731,24248,,0,2,2,4,2,2,4
1732,19557,,0,2,2,4,2,2,4
1733,9432,,0,5,5,10,5,5,10
1734,19219,,0,2,2,4,2,2,4
1735,10000,,0,1,1,2,1,1,2
1736,17337,,0,2,2,4,2,2,4
1737,21634,,0,1,1,2,1,1,2
1738,178,,0,8,8,16,8,8,16
1739,1248,,0,3,3,6,3,3,6
1740,20641,,0,2,2,4,2,2,4
1741,24762,,0,4,4,8,4,4,8
1742,7125,,0,10,10,20,10,10,20
1743,21544,,0,1,1,2,1,1,2
1744,10490,,0,9,9,18,9,9,18
1745,15311,,0,5,5,10,5,5,10
1746,6264,,0,32,32,64,32,32,64
1747,13966,,0,8,8,16,8,8,16
1748,385,,0,6,6,12,6,6,12
1749,1323,,0,2,2,4,2,2,4
1750,1606,,0,5,5,10,5,5,10
1751,14377,,0,3,3,6,3,3,6
1752,22225,,0,2,2,4,2,2,4
1753,23506,,0,5,5,10,5,5,10
1754,23620,,0,4,4,8,4,4,8
1755,16872,,0,3,3,6,3,3,6
1756,25378,,0,11,11,22,11,11,22
1757,7573,,0,1,1,2,1,1,2
1758,8193,,0,1,1,2,1,1,2
1759,16576,,0,1,1,2,1,1,2
1760,16889,,0,1,1,2,1,1,2
1761,18521,,0,3,3,6,3,3,6
1762,21391,,0,2,2,4,2,2,4
1763,3197,,0,3,3,6,3,3,6
1764,6160,,0,3,3,6,3,3,6
1765,8589,,0,7,7,14,7,7,14
1766,9417,,0,2,2,4,2,2,4
1767,15972,,0,1,1,2,1,1,2
1768,17228,,0,12,12,24,12,12,24
1769,19090,,0,3,3,6,3,3,6
1770,19475,,0,3,3,6,3,3,6
1771,22790,,0,8,8,16,8,8,16
1772,25228,,0,5,5,10,5,5,10
1773,5166,,0,3,3,6,3,3,6
1774,12639,,0,2,2,4,2,2,4
1775,12701,,0,4,4,8,4,4,8
1776,18879,,0,4,4,8,4,4,8
1777,2783,,0,2,2,4,2,2,4
1778,9408,,0,2,2,4,2,2,4
1779,19350,,0,3,3,6,3,3,6
1780,25959,,0,1,1,2,1,1,2
1781,21142,,0,2,2,4,2,2,4
1782,8968,,0,10,10,20,10,10,20
1783,1006,,0,2,2,4,2,2,4
1784,16010,,0,6,6,12,6,6,12
1785,24060,,0,3,3,6,3,3,6
1786,4525,,0,8,8,16,8,8,16
1787,6337,,0,10,10,20,10,10,20
1788,25419,,0,5,5,10,5,5,10
1789,832,,0,15,15,30,15,15,30
1790,3387,,0,15,15,30,15,15,30
1791,4703,,0,15,15,30,15,15,30
1792,7447,,0,15,15,30,15,15,30
1793,9764,,0,15,15,30,15,15,30
1794,10117,,0,15,15,30,15,15,30
1795,14340,,0,15,15,30,15,15,30
1796,14370,,0,15,15,30,15,15,30
1797,15006,,0,15,15,30,15,15,30
1798,16231,,0,15,15,30,15,15,30
1799,16590,,0,15,15,30,15,15,30
1800,16730,,0,15,15,30,15,15,30
1801,19957,,0,15,15,30,15,15,30
1802,21848,,0,15,15,30,15,15,30
1803,22320,,0,15,15,30,15,15,30
1804,24841,,0,8,8,16,8,8,16
1805,13013,,0,1,1,2,1,1,2
1806,18899,,0,5,5,10,5,5,10
1807,17569,,0,1,1,2,1,1,2
1808,14376,,0,1,1,2,1,1,2
1809,1044,,0,8,8,16,8,8,16
1810,18867,,0,1,1,2,1,1,2
1811,24943,,0,1,1,2,1,1,2
1812,12311,,0,5,5,10,5,5,10
1813,12675,,0,9,9,18,9,9,18
1814,16906,,0,4,4,8,4,4,8
1815,4975,,0,5,5,10,5,5,10
1816,5809,,0,2,2,4,2,2,4
1817,16123,,0,5,5,10,5,5,10
1818,20303,,0,10,10,20,10,10,20
1819,1058,,0,9,9,18,9,9,18
1820,8471,,0,12,12,24,12,12,24
1821,4104,,0,4,4,8,4,4,8
1822,4431,,0,4,4,8,4,4,8
1823,4967,,0,2,2,4,2,2,4
1824,11152,,0,3,3,6,3,3,6
1825,15616,,0,3,3,6,3,3,6
1826,16262,,0,1,1,2,1,1,2
1827,18995,,0,4,4,8,4,4,8
1828,19562,,0,7,7,14,7,7,14
1829,22087,,0,3,3,6,3,3,6
1830,22109,,0,2,2,4,2,2,4
1831,22839,,0,3,3,6,3,3,6
1832,23683,,0,3,3,6,3,3,6
1833,24477,,0,7,7,14,7,7,14
1834,16270,,0,7,7,14,7,7,14
1835,17956,,0,5,5,10,5,5,10
1836,20375,,0,4,4,8,4,4,8
1837,1508,,0,3,3,6,3,3,6
1838,6815,,0,3,3,6,3,3,6
1839,8279,,0,5,5,10,5,5,10
1840,20391,,0,7,7,14,7,7,14
1841,3293,,0,2,2,4,2,2,4
1842,8786,,0,6,6,12,6,6,12
1843,8505,,0,2,2,4,2,2,4
1844,16357,,0,10,10,20,10,10,20
1845,22899,,0,5,5,10,5,5,10
1846,25710,,0,3,3,6,3,3,6
1847,20230,,0,1,1,2,1,1,2
1848,4775,,0,2,2,4,2,2,4
1849,7095,,0,2,2,4,2,2,4
1850,9138,,0,1,1,2,1,1,2
1851,20229,,0,2,2,4,2,2,4
1852,3053,,0,1,1,2,1,1,2
1853,2742,,0,1,1,2,1,1,2
1854,3965,,0,2,2,4,2,2,4
1855,5622,,0,2,2,4,2,2,4
1856,7855,,0,1,1,2,1,1,2
1857,8928,,0,1,1,2,1,1,2
1858,18375,,0,1,1,2,1,1,2
1859,11093,,0,2,2,4,2,2,4
1860,2823,,0,4,4,8,4,4,8
1861,7317,,0,7,7,14,7,7,14
1862,9127,,0,4,4,8,4,4,8
1863,23299,,0,1,1,2,1,1,2
1864,11806,,0,2,2,4,2,2,4
1865,19110,,0,1,1,2,1,1,2
1866,9517,,0,2,2,4,2,2,4
1867,11400,,0,18,18,36,18,18,36
1868,11630,,0,5,5,10,5,5,10
1869,11700,,0,1,1,2,1,1,2
1870,11733,,0,13,13,26,13,13,26
1871,11951,,0,3,3,6,3,3,6
1872,12268,,0,7,7,14,7,7,14
1873,14093,,0,5,5,10,5,5,10
1874,15685,,0,2,2,4,2,2,4
1875,16495,,0,6,6,12,6,6,12
1876,17135,,0,2,2,4,2,2,4
1877,20169,,0,2,2,4,2,2,4
1878,22188,,0,8,8,16,8,8,16
1879,22189,,0,2,2,4,2,2,4
1880,22811,,0,2,2,4,2,2,4
1881,22975,,0,5,5,10,5,5,10
1882,23509,,0,3,3,6,3,3,6
1883,23552,,0,14,14,28,14,14,28
1884,23805,,0,12,12,24,12,12,24
1885,23806,,0,3,3,6,3,3,6
1886,25557,,0,5,5,10,5,5,10
1887,25562,,0,5,5,10,5,5,10
1888,1877,,0,10,10,20,10,10,20
1889,2042,,0,17,17,34,17,17,34
1890,1430,,0,2,2,4,2,2,4
1891,1685,,0,9,9,18,9,9,18
1892,1321,,0,4,4,8,4,4,8
1893,21089,,0,11,11,22,11,11,22
1894,21162,,0,5,5,10,5,5,10
1895,21156,,0,3,3,6,3,3,6
1896,1311,,0,3,3,6,3,3,6
1897,3983,,0,3,3,6,3,3,6
1898,2075,,0,3,3,6,3,3,6
1899,3873,,0,2,2,4,2,2,4
1900,4182,,0,3,3,6,3,3,6
1901,10439,,0,3,3,6,3,3,6
1902,1093,,0,3,3,6,3,3,6
1903,3059,,0,3,3,6,3,3,6
1904,25903,,0,1,1,2,1,1,2
1905,19974,,0,4,4,8,4,4,8
1906,24753,,0,13,13,26,13,13,26
1907,3312,,0,3,3,6,3,3,6
1908,11493,,0,3,3,6,3,3,6
1909,17394,,0,1,1,2,1,1,2
1910,128,,0,4,4,8,4,4,8
1911,4353,,0,6,6,12,6,6,12
1912,6558,,0,4,4,8,4,4,8
1913,6920,,0,3,3,6,3,3,6
1914,14865,,0,4,4,8,4,4,8
1915,15941,,0,5,5,10,5,5,10
1916,16877,,0,3,3,6,3,3,6
1917,25112,,0,1,1,2,1,1,2
1918,11372,,0,18,18,36,18,18,36
1919,19355,,0,1,1,2,1,1,2
1920,22018,,0,8,8,16,8,8,16
1921,25660,,0,5,5,10,5,5,10
1922,11325,,0,6,6,12,6,6,12
1923,11318,,0,12,12,24,12,12,24
1924,12720,,0,13,13,26,13,13,26
1925,4138,,0,2,2,4,2,2,4
1926,11328,,0,4,4,8,4,4,8
1927,921,,0,2,2,4,2,2,4
1928,18605,,0,1,1,2,1,1,2
1929,21158,,0,3,3,6,3,3,6
1930,5605,,0,10,10,20,10,10,20
1931,6288,,0,6,6,12,6,6,12
1932,12070,,0,10,10,20,10,10,20
1933,25402,,0,7,7,14,7,7,14
1934,302,,0,2,2,4,2,2,4
1935,2335,,0,2,2,4,2,2,4
1936,6702,,0,1,1,2,1,1,2
1937,11490,,0,5,5,10,5,5,10
1938,16108,,0,2,2,4,2,2,4
1939,17174,,0,1,1,2,1,1,2
1940,17924,,0,1,1,2,1,1,2
1941,16347,,0,8,8,16,8,8,16
1942,4960,,0,2,2,4,2,2,4
1943,25304,,0,4,4,8,4,4,8
1944,14854,,0,3,3,6,3,3,6
1945,1347,,0,1,1,2,1,1,2
1946,4782,,0,7,7,14,7,7,14
1947,15582,,0,7,7,14,7,7,14
1948,17472,,0,7,7,14,7,7,14
1949,19707,,0,7,7,14,7,7,14
1950,21930,,0,7,7,14,7,7,14
1951,24835,,0,8,8,16,8,8,16
1952,24959,,0,1,1,2,1,1,2
1953,2870,,0,11,11,22,11,11,22
1954,9207,,0,5,5,10,5,5,10
1955,22555,,0,13,13,26,13,13,26
1956,4870,,0,3,3,6,3,3,6
1957,8282,,0,3,3,6,3,3,6
1958,4868,,0,6,6,12,6,6,12
1959,8352,,0,2,2,4,2,2,4
1960,8231,,0,1,1,2,1,1,2
1961,9616,,0,8,8,16,8,8,16
1962,25827,,0,2,2,4,2,2,4
1963,2852,,0,2,2,4,2,2,4
1964,12599,,0,7,7,14,7,7,14
1965,25721,,0,2,2,4,2,2,4
1966,2797,,0,8,8,16,8,8,16
1967,9314,,0,1,1,2,1,1,2
1968,12291,,0,1,1,2,1,1,2
1969,13292,,0,1,1,2,1,1,2
1970,13320,,0,1,1,2,1,1,2
1971,2532,,0,1,1,2,1,1,2
1972,5411,,0,3,3,6,3,3,6
1973,5503,,0,4,4,8,4,4,8
1974,10390,,0,3,3,6,3,3,6
1975,11186,,0,3,3,6,3,3,6
1976,17543,,0,4,4,8,4,4,8
1977,13422,,0,7,7,14,7,7,14
1978,16349,,0,1,1,2,1,1,2
1979,11788,,0,3,3,6,3,3,6
1980,523,,0,2,2,4,2,2,4
1981,5464,,0,6,6,12,6,6,12
1982,7774,,0,4,4,8,4,4,8
1983,18008,,0,4,4,8,4,4,8
1984,23385,,0,1,1,2,1,1,2
1985,25868,,0,1,1,2,1,1,2
1986,20550,,0,1,1,2,1,1,2
1987,13653,,0,1,1,2,1,1,2
1988,22599,,0,2,2,4,2,2,4
1989,2922,,0,3,3,6,3,3,6
1990,6891,,0,7,7,14,7,7,14
1991,10162,,0,2,2,4,2,2,4
1992,10620,,0,3,3,6,3,3,6
1993,11112,,0,4,4,8,4,4,8
1994,13174,,0,4,4,8,4,4,8
1995,23153,,0,2,2,4,2,2,4
1996,24340,,0,3,3,6,3,3,6
1997,18625,,0,1,1,2,1,1,2
1998,4493,,0,5,5,10,5,5,10
1999,23720,,0,6,6,12,6,6,12
2000,18904,,0,5,5,10,5,5,10
2001,3877,,0,20,20,40,20,20,40
2002,4354,,0,20,20,40,20,20,40
2003,5412,,0,20,20,40,20,20,40
2004,6544,,0,20,20,40,20,20,40
2005,7357,,0,20,20,40,20,20,40
2006,7719,,0,20,20,40,20,20,40
2007,10477,,0,20,20,40,20,20,40
2008,11445,,0,20,20,40,20,20,40
2009,12788,,0,20,20,40,20,20,40
2010,18185,,0,20,20,40,20,20,40
2011,19246,,0,20,20,40,20,20,40
2012,19463,,0,20,20,40,20,20,40
2013,20780,,0,20,20,40,20,20,40
2014,21861,,0,20,20,40,20,20,40
2015,22284,,0,20,20,40,20,20,40
2016,22741,,0,20,20,40,20,20,40
2017,23514,,0,20,20,40,20,20,40
2018,5827,,0,1,1,2,1,1,2
2019,6527,,0,1,1,2,1,1,2
2020,10881,,0,1,1,2,1,1,2
2021,5367,,0,4,4,8,4,4,8
2022,14983,,0,4,4,8,4,4,8
2023,19144,,0,4,4,8,4,4,8
2024,22530,,0,2,2,4,2,2,4
2025,9093,,0,1,1,2,1,1,2
2026,13680,,0,1,1,2,1,1,2
2027,7895,,0,2,2,4,2,2,4
2028,11863,,0,2,2,4,2,2,4
2029,12110,,0,3,3,6,3,3,6
2030,2306,,0,4,4,8,4,4,8
2031,8446,,0,4,4,8,4,4,8
2032,1896,,0,8,8,16,8,8,16
2033,6838,,0,7,7,14,7,7,14
2034,25220,,0,2,2,4,2,2,4
2035,9922,,0,1,1,2,1,1,2
2036,2504,,0,2,2,4,2,2,4
2037,19585,,0,2,2,4,2,2,4
2038,19101,,0,5,5,10,5,5,10
2039,7829,,0,4,4,8,4,4,8
2040,8973,,0,1,1,2,1,1,2
2041,14600,,0,1,1,2,1,1,2
2042,23138,,0,1,1,2,1,1,2
2043,4774,,0,4,4,8,4,4,8
2044,5673,,0,4,4,8,4,4,8
2045,15382,,0,3,3,6,3,3,6
2046,16717,,0,7,7,14,7,7,14
2047,19603,,0,4,4,8,4,4,8
2048,4673,,0,10,10,20,10,10,20
2049,17754,,0,2,2,4,2,2,4
2050,8074,,0,3,3,6,3,3,6
2051,14541,,0,2,2,4,2,2,4
2052,15127,,0,2,2,4,2,2,4
2053,18524,,0,2,2,4,2,2,4
2054,12187,,0,10,10,20,10,10,20
2055,7087,,0,11,11,22,11,11,22
2056,7911,,0,10,10,20,10,10,20
2057,1859,,0,2,2,4,2,2,4
2058,4298,,0,4,4,8,4,4,8
2059,15192,,0,2,2,4,2,2,4
2060,17274,,0,2,2,4,2,2,4
2061,18941,,0,2,2,4,2,2,4
2062,20902,,0,4,4,8,4,4,8
2063,8666,,0,9,9,18,9,9,18
2064,6524,,0,6,6,12,6,6,12
2065,4765,,0,7,7,14,7,7,14
2066,4756,,0,3,3,6,3,3,6
2067,23477,,0,2,2,4,2,2,4
2068,11923,,0,1,1,2,1,1,2
2069,10024,,0,5,5,10,5,5,10
2070,6442,,0,7,7,14,7,7,14
2071,17681,,0,7,7,14,7,7,14
2072,20587,,0,6,6,12,6,6,12
2073,7013,,0,18,18,36,18,18,36
2074,2087,,0,6,6,12,6,6,12
2075,2993,,0,5,5,10,5,5,10
2076,4377,,0,4,4,8,4,4,8
2077,6271,,0,30,30,60,30,30,60
2078,7023,,0,10,10,20,10,10,20
2079,13404,,0,16,16,32,16,16,32
2080,1563,,0,23,23,46,23,23,46
2081,2457,,0,23,23,46,23,23,46
2082,3534,,0,23,23,46,23,23,46
2083,4639,,0,19,19,38,19,19,38
2084,5065,,0,23,23,46,23,23,46
2085,6387,,0,23,23,46,23,23,46
2086,14379,,0,23,23,46,23,23,46
2087,15145,,0,21,21,42,21,21,42
2088,15562,,0,23,23,46,23,23,46
2089,15708,,0,23,23,46,23,23,46
2090,15714,,0,23,23,46,23,23,46
2091,15805,,0,23,23,46,23,23,46
2092,17345,,0,4,4,8,4,4,8
2093,17580,,0,23,23,46,23,23,46
2094,17584,,0,21,21,42,21,21,42
2095,18396,,0,24,24,48,24,24,48
2096,18952,,0,23,23,46,23,23,46
2097,19677,,0,23,23,46,23,23,46
2098,20231,,0,3,3,6,3,3,6
2099,23241,,0,21,21,42,21,21,42
2100,24616,,0,21,21,42,21,21,42
2101,24617,,0,19,19,38,19,19,38
2102,24819,,0,23,23,46,23,23,46
2103,3508,,0,1,1,2,1,1,2
2104,12641,,0,1,1,2,1,1,2
2105,13068,,0,1,1,2,1,1,2
2106,23723,,0,8,8,16,8,8,16
2107,6642,,0,3,3,6,3,3,6
2108,17277,,0,3,3,6,3,3,6
2109,18209,,0,3,3,6,3,3,6
2110,11939,,0,3,3,6,3,3,6
2111,17191,,0,1,1,2,1,1,2
2112,17874,,0,6,6,12,6,6,12
2113,3804,,0,10,10,20,10,10,20
2114,22979,,0,4,4,8,4,4,8
2115,1157,,0,3,3,6,3,3,6
2116,16334,,0,3,3,6,3,3,6
2117,6305,,0,5,5,10,5,5,10
2118,7726,,0,5,5,10,5,5,10
2119,14870,,0,5,5,10,5,5,10
2120,14872,,0,10,10,20,10,10,20
2121,20316,,0,5,5,10,5,5,10
2122,18772,,0,1,1,2,1,1,2
2123,885,,0,3,3,6,3,3,6
2124,2505,,0,3,3,6,3,3,6
2125,17192,,0,3,3,6,3,3,6
2126,12296,,0,3,3,6,3,3,6
2127,5355,,0,2,2,4,2,2,4
2128,6863,,0,2,2,4,2,2,4
2129,15770,,0,5,5,10,5,5,10
2130,21322,,0,1,1,2,1,1,2
2131,22265,,0,11,11,22,11,11,22
2132,23099,,0,2,2,4,2,2,4
2133,25111,,0,5,5,10,5,5,10
2134,4289,,0,2,2,4,2,2,4
2135,12160,,0,3,3,6,3,3,6
2136,19809,,0,3,3,6,3,3,6
2137,6895,,0,1,1,2,1,1,2
2138,4319,,0,3,3,6,3,3,6
2139,12758,,0,3,3,6,3,3,6
2140,22023,,0,1,1,2,1,1,2
2141,10801,,0,12,12,24,12,12,24
2142,19146,,0,3,3,6,3,3,6
2143,22699,,0,6,6,12,6,6,12
2144,3037,,0,2,2,4,2,2,4
2145,9712,,0,2,2,4,2,2,4
2146,10726,,0,7,7,14,7,7,14
2147,16482,,0,11,11,22,11,11,22
2148,17990,,0,3,3,6,3,3,6
2149,12040,,0,5,5,10,5,5,10
2150,17249,,0,1,1,2,1,1,2
2151,8198,,0,3,3,6,3,3,6
2152,13010,,0,4,4,8,4,4,8
2153,12786,,0,6,6,12,6,6,12
2154,13673,,0,7,7,14,7,7,14
2155,7463,,0,6,6,12,6,6,12
2156,5255,,0,2,2,4,2,2,4
2157,14337,,0,9,9,18,9,9,18
2158,5849,,0,3,3,6,3,3,6
2159,10763,,0,1,1,2,1,1,2
2160,11121,,0,1,1,2,1,1,2
2161,11194,,0,6,6,12,6,6,12
2162,15799,,0,9,9,18,9,9,18
2163,16511,,0,4,4,8,4,4,8
2164,16945,,0,1,1,2,1,1,2
2165,21157,,0,1,1,2,1,1,2
2166,14325,,0,2,2,4,2,2,4
2167,21297,,0,2,2,4,2,2,4
2168,2326,,0,7,7,14,7,7,14
2169,10253,,0,2,2,4,2,2,4
2170,19048,,0,12,12,24,12,12,24
2171,20182,,0,7,7,14,7,7,14
2172,19023,,0,1,1,2,1,1,2
2173,17501,,0,13,13,26,13,13,26
2174,19379,,0,1,1,2,1,1,2
2175,2912,,0,18,18,36,18,18,36
2176,6266,,0,3,3,6,3,3,6
2177,26088,,0,8,8,16,8,8,16
2178,3323,,0,5,5,10,5,5,10
2179,14020,,0,5,5,10,5,5,10
2180,2072,,0,16,16,32,16,16,32
2181,6905,,0,2,2,4,2,2,4
2182,21653,,0,3,3,6,3,3,6
2183,10931,,0,10,10,20,10,10,20
2184,20765,,0,18,18,36,18,18,36
2185,7475,,0,6,6,12,6,6,12
2186,11607,,0,4,4,8,4,4,8
2187,19351,,0,4,4,8,4,4,8
2188,2203,,0,1,1,2,1,1,2
2189,7594,,0,1,1,2,1,1,2
2190,21130,,0,5,5,10,5,5,10
2191,9335,,0,1,1,2,1,1,2
2192,25235,,0,1,1,2,1,1,2
2193,24582,,0,2,2,4,2,2,4
2194,2202,,0,4,4,8,4,4,8
2195,17233,,0,4,4,8,4,4,8
2196,24271,,0,4,4,8,4,4,8
2197,14051,,0,6,6,12,6,6,12
2198,2936,,0,1,1,2,1,1,2
2199,10354,,0,1,1,2,1,1,2
2200,18905,,0,2,2,4,2,2,4
2201,21563,,0,2,2,4,2,2,4
2202,22371,,0,1,1,2,1,1,2
2203,6641,,0,1,1,2,1,1,2
2204,15920,,0,2,2,4,2,2,4
2205,24583,,0,1,1,2,1,1,2
2206,352,,0,3,3,6,3,3,6
2207,3996,,0,5,5,10,5,5,10
2208,10555,,0,6,6,12,6,6,12
2209,15850,,0,5,5,10,5,5,10
2210,20533,,0,3,3,6,3,3,6
2211,22603,,0,2,2,4,2,2,4
2212,23513,,0,4,4,8,4,4,8
2213,25034,,0,19,19,38,19,19,38
2214,20191,,0,3,3,6,3,3,6
2215,4635,,0,2,2,4,2,2,4
2216,4759,,0,2,2,4,2,2,4
2217,24860,,0,4,4,8,4,4,8
2218,5851,,0,3,3,6,3,3,6
2219,21646,,0,9,9,18,9,9,18
2220,8047,,0,2,2,4,2,2,4
2221,16953,,0,3,3,6,3,3,6
2222,25934,,0,2,2,4,2,2,4
2223,10062,,0,7,7,14,7,7,14
2224,23681,,0,6,6,12,6,6,12
2225,23727,,0,1,1,2,1,1,2
2226,3345,,0,15,15,30,15,15,30
2227,3430,,0,5,5,10,5,5,10
2228,22439,,0,3,3,6,3,3,6
2229,10463,,0,2,2,4,2,2,4
2230,10526,,0,1,1,2,1,1,2
2231,17746,,0,6,6,12,6,6,12
2232,18189,,0,1,1,2,1,1,2
2233,21438,,0,1,1,2,1,1,2
2234,22611,,0,2,2,4,2,2,4
2235,5995,,0,3,3,6,3,3,6
2236,7999,,0,1,1,2,1,1,2
2237,8178,,0,2,2,4,2,2,4
2238,8868,,0,1,1,2,1,1,2
2239,10824,,0,2,2,4,2,2,4
2240,19806,,0,2,2,4,2,2,4
2241,23304,,0,1,1,2,1,1,2
2242,14606,,0,2,2,4,2,2,4
2243,245,,0,2,2,4,2,2,4
2244,14562,,0,1,1,2,1,1,2
2245,15912,,0,2,2,4,2,2,4
2246,22245,,0,1,1,2,1,1,2
2247,14972,,0,3,3,6,3,3,6
2248,17158,,0,3,3,6,3,3,6
2249,17162,,0,2,2,4,2,2,4
2250,17403,,0,4,4,8,4,4,8
2251,20149,,0,2,2,4,2,2,4
2252,20519,,0,3,3,6,3,3,6
2253,21389,,0,5,5,10,5,5,10
2254,23912,,0,3,3,6,3,3,6
2255,23918,,0,4,4,8,4,4,8
2256,8215,,0,3,3,6,3,3,6
2257,272,,0,6,6,12,6,6,12
2258,11811,,0,6,6,12,6,6,12
2259,11840,,0,6,6,12,6,6,12
2260,19012,,0,5,5,10,5,5,10
2261,20305,,0,5,5,10,5,5,10
2262,11426,,0,3,3,6,3,3,6
2263,23673,,0,2,2,4,2,2,4
2264,14286,,0,3,3,6,3,3,6
2265,22806,,0,5,5,10,5,5,10
2266,22953,,0,2,2,4,2,2,4
2267,23950,,0,2,2,4,2,2,4
2268,2394,,0,5,5,10,5,5,10
2269,20618,,0,3,3,6,3,3,6
2270,414,,0,1,1,2,1,1,2
2271,9485,,0,2,2,4,2,2,4
2272,10435,,0,3,3,6,3,3,6
2273,14698,,0,1,1,2,1,1,2
2274,21823,,0,3,3,6,3,3,6
2275,24140,,0,1,1,2,1,1,2
2276,24330,,0,20,20,40,20,20,40
2277,232,,0,1,1,2,1,1,2
2278,1075,,0,1,1,2,1,1,2
2279,8737,,0,2,2,4,2,2,4
2280,13481,,0,1,1,2,1,1,2
2281,13862,,0,3,3,6,3,3,6
2282,16742,,0,1,1,2,1,1,2
2283,24402,,0,5,5,10,5,5,10
2284,4451,,0,2,2,4,2,2,4
2285,9983,,0,1,1,2,1,1,2
2286,15205,,0,4,4,8,4,4,8
2287,15666,,0,3,3,6,3,3,6
2288,15667,,0,3,3,6,3,3,6
2289,21031,,0,2,2,4,2,2,4
2290,2607,,0,11,11,22,11,11,22
2291,3450,,0,2,2,4,2,2,4
2292,5130,,0,4,4,8,4,4,8
2293,5353,,0,4,4,8,4,4,8
2294,5835,,0,6,6,12,6,6,12
2295,9450,,0,10,10,20,10,10,20
2296,12165,,0,4,4,8,4,4,8
2297,12722,,0,7,7,14,7,7,14
2298,20003,,0,4,4,8,4,4,8
2299,20184,,0,4,4,8,4,4,8
2300,10871,,0,14,14,28,14,14,28
2301,2614,,0,2,2,4,2,2,4
2302,7449,,0,3,3,6,3,3,6
2303,11611,,0,2,2,4,2,2,4
2304,20779,,0,2,2,4,2,2,4
2305,6078,,0,1,1,2,1,1,2
2306,6913,,0,1,1,2,1,1,2
2307,930,,0,5,5,10,5,5,10
2308,3946,,0,1,1,2,1,1,2
2309,4760,,0,2,2,4,2,2,4
2310,17189,,0,4,4,8,4,4,8
2311,1024,,0,2,2,4,2,2,4
2312,12552,,0,2,2,4,2,2,4
2313,16513,,0,1,1,2,1,1,2
2314,5505,,0,3,3,6,3,3,6
2315,18001,,0,2,2,4,2,2,4
2316,25480,,0,7,7,14,7,7,14
2317,17089,,0,6,6,12,6,6,12
2318,19454,,0,3,3,6,3,3,6
2319,3207,,0,1,1,2,1,1,2
2320,1149,,0,9,9,18,9,9,18
2321,4724,,0,4,4,8,4,4,8
2322,6832,,0,1,1,2,1,1,2
2323,920,,0,2,2,4,2,2,4
2324,1217,,0,24,24,48,24,24,48
2325,5488,,0,5,5,10,5,5,10
2326,12735,,0,5,5,10,5,5,10
2327,24126,,0,6,6,12,6,6,12
2328,5597,,0,12,12,24,12,12,24
2329,23836,,0,15,15,30,15,15,30
2330,8854,,0,5,5,10,5,5,10
2331,6183,,0,5,5,10,5,5,10
2332,5601,,0,2,2,4,2,2,4
2333,5227,,0,3,3,6,3,3,6
2334,7015,,0,3,3,6,3,3,6
2335,9647,,0,5,5,10,5,5,10
2336,18158,,0,3,3,6,3,3,6
2337,16765,,0,4,4,8,4,4,8
2338,3910,,0,1,1,2,1,1,2
2339,21864,,0,3,3,6,3,3,6
2340,4284,,0,2,2,4,2,2,4
2341,15194,,0,2,2,4,2,2,4
2342,15623,,0,3,3,6,3,3,6
2343,25094,,0,3,3,6,3,3,6
2344,26067,,0,2,2,4,2,2,4
2345,3955,,0,3,3,6,3,3,6
2346,9269,,0,2,2,4,2,2,4
2347,21167,,0,2,2,4,2,2,4
2348,23092,,0,3,3,6,3,3,6
2349,11629,,0,3,3,6,3,3,6
2350,6190,,0,4,4,8,4,4,8
2351,10656,,0,4,4,8,4,4,8
2352,11002,,0,2,2,4,2,2,4
2353,11403,,0,4,4,8,4,4,8
2354,20106,,0,2,2,4,2,2,4
2355,25610,,0,4,4,8,4,4,8
2356,10543,,0,6,6,12,6,6,12
2357,21608,,0,9,9,18,9,9,18
2358,11734,,0,3,3,6,3,3,6
2359,25585,,0,4,4,8,4,4,8
2360,9217,,0,2,2,4,2,2,4
2361,17392,,0,3,3,6,3,3,6
2362,23503,,0,8,8,16,8,8,16
2363,10923,,0,6,6,12,6,6,12
2364,11821,,0,3,3,6,3,3,6
2365,16013,,0,4,4,8,4,4,8
2366,21469,,0,3,3,6,3,3,6
2367,284,,0,1,1,2,1,1,2
2368,6427,,0,6,6,12,6,6,12
2369,16835,,0,2,2,4,2,2,4
2370,18677,,0,2,2,4,2,2,4
2371,21696,,0,2,2,4,2,2,4
2372,25854,,0,2,2,4,2,2,4
2373,8774,,0,7,7,14,7,7,14
2374,9964,,0,4,4,8,4,4,8
2375,17021,,0,2,2,4,2,2,4
2376,19517,,0,8,8,16,8,8,16
2377,22989,,0,5,5,10,5,5,10
2378,23485,,0,6,6,12,6,6,12
2379,11442,,0,5,5,10,5,5,10
2380,13651,,0,2,2,4,2,2,4
2381,8069,,0,2,2,4,2,2,4
2382,8787,,0,1,1,2,1,1,2
2383,24,,0,4,4,8,4,4,8
2384,3858,,0,4,4,8,4,4,8
2385,15066,,0,21,21,42,21,21,42
2386,23161,,0,4,4,8,4,4,8
2387,23266,,0,2,2,4,2,2,4
2388,22888,,0,1,1,2,1,1,2
2389,2127,,0,1,1,2,1,1,2
2390,15829,,0,4,4,8,4,4,8
2391,16106,,0,4,4,8,4,4,8
2392,17670,,0,4,4,8,4,4,8
2393,18612,,0,4,4,8,4,4,8
2394,19234,,0,1,1,2,1,1,2
2395,19724,,0,3,3,6,3,3,6
2396,22876,,0,13,13,26,13,13,26
2397,16469,,0,19,19,38,19,19,38
2398,9392,,0,2,2,4,2,2,4
2399,24252,,0,1,1,2,1,1,2
2400,3944,,0,3,3,6,3,3,6
2401,449,,0,30,30,60,30,30,60
2402,14079,,0,3,3,6,3,3,6
2403,21032,,0,3,3,6,3,3,6
2404,13384,,0,16,16,32,16,16,32
2405,12491,,0,15,15,30,15,15,30
2406,25911,,0,2,2,4,2,2,4
2407,22105,,0,2,2,4,2,2,4
2408,12547,,0,1,1,2,1,1,2
2409,25181,,0,1,1,2,1,1,2
2410,8340,,0,5,5,10,5,5,10
2411,8161,,0,4,4,8,4,4,8
2412,12054,,0,2,2,4,2,2,4
2413,21468,,0,3,3,6,3,3,6
2414,13647,,0,6,6,12,6,6,12
2415,7090,,0,5,5,10,5,5,10
2416,11792,,0,3,3,6,3,3,6
2417,16831,,0,3,3,6,3,3,6
2418,3411,,0,3,3,6,3,3,6
2419,4428,,0,3,3,6,3,3,6
2420,5392,,0,8,8,16,8,8,16
2421,6317,,0,4,4,8,4,4,8
2422,7541,,0,8,8,16,8,8,16
2423,15664,,0,4,4,8,4,4,8
2424,17665,,0,7,7,14,7,7,14
2425,20424,,0,4,4,8,4,4,8
2426,24734,,0,3,3,6,3,3,6
2427,18489,,0,1,1,2,1,1,2
2428,1258,,0,4,4,8,4,4,8
2429,12032,,0,5,5,10,5,5,10
2430,14619,,0,1,1,2,1,1,2
2431,25250,,0,7,7,14,7,7,14
2432,8976,,0,2,2,4,2,2,4
2433,6638,,0,6,6,12,6,6,12
2434,9986,,0,1,1,2,1,1,2
2435,11719,,0,1,1,2,1,1,2
2436,17731,,0,7,7,14,7,7,14
2437,20046,,0,8,8,16,8,8,16
2438,11557,,0,15,15,30,15,15,30
2439,14667,,0,8,8,16,8,8,16
2440,3204,,0,6,6,12,6,6,12
2441,25937,,0,6,6,12,6,6,12
2442,17086,,0,4,4,8,4,4,8
2443,19060,,0,1,1,2,1,1,2
2444,25569,,0,10,10,20,10,10,20
2445,9944,,0,1,1,2,1,1,2
2446,21341,,0,3,3,6,3,3,6
2447,5655,,0,8,8,16,8,8,16
2448,2771,,0,4,4,8,4,4,8
2449,13619,,0,6,6,12,6,6,12
2450,18585,,0,6,6,12,6,6,12
2451,23901,,0,2,2,4,2,2,4
2452,11841,,0,1,1,2,1,1,2
2453,3068,,0,1,1,2,1,1,2
2454,5631,,0,2,2,4,2,2,4
2455,16067,,0,2,2,4,2,2,4
2456,19569,,0,1,1,2,1,1,2
2457,3524,,0,2,2,4,2,2,4
2458,12849,,0,3,3,6,3,3,6
2459,715,,0,4,4,8,4,4,8
2460,16554,,0,1,1,2,1,1,2
2461,17559,,0,13,13,26,13,13,26
2462,1674,,0,6,6,12,6,6,12
2463,13191,,0,1,1,2,1,1,2
2464,23204,,0,12,12,24,12,12,24
2465,3265,,0,9,9,18,9,9,18
2466,15479,,0,3,3,6,3,3,6
2467,851,,0,6,6,12,6,6,12
2468,2713,,0,3,3,6,3,3,6
2469,13199,,0,5,5,10,5,5,10
2470,16837,,0,1,1,2,1,1,2
2471,18032,,0,1,1,2,1,1,2
2472,19568,,0,4,4,8,4,4,8
2473,20004,,0,3,3,6,3,3,6
2474,19927,,0,4,4,8,4,4,8
2475,22826,,0,5,5,10,5,5,10
2476,122,,0,8,8,16,8,8,16
2477,6530,,0,3,3,6,3,3,6
2478,6707,,0,3,3,6,3,3,6
2479,6911,,0,3,3,6,3,3,6
2480,15971,,0,5,5,10,5,5,10
2481,22224,,0,5,5,10,5,5,10
2482,17599,,0,2,2,4,2,2,4
2483,8680,,0,5,5,10,5,5,10
2484,13813,,0,13,13,26,13,13,26
2485,19204,,0,11,11,22,11,11,22
2486,19206,,0,3,3,6,3,3,6
2487,20344,,0,3,3,6,3,3,6
2488,1408,,0,3,3,6,3,3,6
2489,16332,,0,3,3,6,3,3,6
2490,19940,,0,2,2,4,2,2,4
2491,17001,,0,6,6,12,6,6,12
2492,18013,,0,6,6,12,6,6,12
2493,9147,,0,3,3,6,3,3,6
2494,7024,,0,3,3,6,3,3,6
2495,17393,,0,3,3,6,3,3,6
2496,17827,,0,1,1,2,1,1,2
2497,409,,0,3,3,6,3,3,6
2498,2474,,0,3,3,6,3,3,6
2499,6746,,0,3,3,6,3,3,6
2500,10476,,0,4,4,8,4,4,8
2501,16568,,0,4,4,8,4,4,8
2502,21771,,0,7,7,14,7,7,14
2503,7935,,0,4,4,8,4,4,8
2504,2001,,0,3,3,6,3,3,6
2505,3633,,0,2,2,4,2,2,4
2506,22278,,0,3,3,6,3,3,6
2507,4422,,0,8,8,16,8,8,16
2508,1341,,0,4,4,8,4,4,8
2509,4273,,0,4,4,8,4,4,8
2510,5259,,0,5,5,10,5,5,10
2511,7355,,0,8,8,16,8,8,16
2512,14357,,0,4,4,8,4,4,8
2513,18344,,0,1,1,2,1,1,2
2514,12852,,0,1,1,2,1,1,2
2515,16333,,0,1,1,2,1,1,2
2516,11284,,0,4,4,8,4,4,8
2517,4875,,0,3,3,6,3,3,6
2518,24589,,0,4,4,8,4,4,8
2519,2559,,0,3,3,6,3,3,6
2520,5543,,0,3,3,6,3,3,6
2521,5767,,0,4,4,8,4,4,8
2522,24097,,0,10,10,20,10,10,20
2523,15206,,0,1,1,2,1,1,2
2524,21317,,0,2,2,4,2,2,4
2525,10956,,0,6,6,12,6,6,12
2526,2385,,0,3,3,6,3,3,6
2527,20783,,0,3,3,6,3,3,6
2528,20616,,0,2,2,4,2,2,4
2529,11602,,0,4,4,8,4,4,8
2530,5636,,0,1,1,2,1,1,2
2531,17988,,0,1,1,2,1,1,2
2532,8547,,0,4,4,8,4,4,8
2533,10791,,0,15,15,30,15,15,30
2534,10919,,0,2,2,4,2,2,4
2535,15600,,0,3,3,6,3,3,6
2536,15608,,0,6,6,12,6,6,12
2537,16644,,0,1,1,2,1,1,2
2538,1059,,0,3,3,6,3,3,6
2539,6154,,0,15,15,30,15,15,30
2540,7725,,0,6,6,12,6,6,12
2541,11125,,0,3,3,6,3,3,6
2542,13705,,0,1,1,2,1,1,2
2543,15435,,0,14,14,28,14,14,28
2544,16039,,0,7,7,14,7,7,14
2545,17821,,0,2,2,4,2,2,4
2546,20536,,0,2,2,4,2,2,4
2547,23529,,0,9,9,18,9,9,18
2548,2848,,0,2,2,4,2,2,4
2549,10552,,0,1,1,2,1,1,2
2550,12884,,0,9,9,18,9,9,18
2551,25988,,0,2,2,4,2,2,4
2552,18161,,0,1,1,2,1,1,2
2553,3034,,0,2,2,4,2,2,4
2554,19686,,0,3,3,6,3,3,6
2555,20335,,0,3,3,6,3,3,6
2556,22523,,0,10,10,20,10,10,20
2557,1073,,0,3,3,6,3,3,6
2558,18399,,0,1,1,2,1,1,2
2559,22242,,0,10,10,20,10,10,20
2560,14165,,0,8,8,16,8,8,16
2561,16485,,0,2,2,4,2,2,4
2562,6156,,0,4,4,8,4,4,8
2563,18381,,0,4,4,8,4,4,8
2564,2917,,0,2,2,4,2,2,4
2565,6031,,0,2,2,4,2,2,4
2566,2010,,0,3,3,6,3,3,6
2567,8064,,0,3,3,6,3,3,6
2568,20599,,0,3,3,6,3,3,6
2569,13328,,0,8,8,16,8,8,16
2570,17082,,0,10,10,20,10,10,20
2571,3681,,0,3,3,6,3,3,6
2572,24592,,0,3,3,6,3,3,6
2573,281,,0,8,8,16,8,8,16
2574,17884,,0,2,2,4,2,2,4
2575,20538,,0,2,2,4,2,2,4
2576,24032,,0,2,2,4,2,2,4
2577,10588,,0,12,12,24,12,12,24
2578,3916,,0,8,8,16,8,8,16
2579,5352,,0,4,4,8,4,4,8
2580,5729,,0,3,3,6,3,3,6
2581,24614,,0,7,7,14,7,7,14
2582,4102,,0,9,9,18,9,9,18
2583,26176,,0,5,5,10,5,5,10
2584,2356,,0,1,1,2,1,1,2
2585,17419,,0,8,8,16,8,8,16
2586,18105,,0,2,2,4,2,2,4
2587,16899,,0,4,4,8,4,4,8
2588,17843,,0,5,5,10,5,5,10
2589,8134,,0,6,6,12,6,6,12
2590,12687,,0,11,11,22,11,11,22
2591,23409,,0,2,2,4,2,2,4
2592,4433,,0,2,2,4,2,2,4
2593,7625,,0,6,6,12,6,6,12
2594,11899,,0,1,1,2,1,1,2
2595,13711,,0,4,4,8,4,4,8
2596,16475,,0,2,2,4,2,2,4
2597,19167,,0,1,1,2,1,1,2
2598,21727,,0,2,2,4,2,2,4
2599,23863,,0,2,2,4,2,2,4
2600,1675,,0,1,1,2,1,1,2
2601,3058,,0,2,2,4,2,2,4
2602,11815,,0,2,2,4,2,2,4
2603,23420,,0,1,1,2,1,1,2
2604,3006,,0,10,10,20,10,10,20
2605,12874,,0,6,6,12,6,6,12
2606,23149,,0,4,4,8,4,4,8
2607,10652,,0,5,5,10,5,5,10
2608,7481,,0,3,3,6,3,3,6
2609,21614,,0,2,2,4,2,2,4
2610,7578,,0,5,5,10,5,5,10
2611,13999,,0,4,4,8,4,4,8
2612,10376,,0,5,5,10,5,5,10
2613,15325,,0,4,4,8,4,4,8
2614,8122,,0,3,3,6,3,3,6
2615,9769,,0,3,3,6,3,3,6
2616,15253,,0,1,1,2,1,1,2
2617,16647,,0,3,3,6,3,3,6
2618,22489,,0,3,3,6,3,3,6
2619,23412,,0,1,1,2,1,1,2
2620,25443,,0,1,1,2,1,1,2
2621,1519,,0,3,3,6,3,3,6
2622,25435,,0,6,6,12,6,6,12
2623,4301,,0,2,2,4,2,2,4
2624,4117,,0,2,2,4,2,2,4
2625,16471,,0,2,2,4,2,2,4
2626,4798,,0,6,6,12,6,6,12
2627,17991,,0,2,2,4,2,2,4
2628,25904,,0,1,1,2,1,1,2
2629,25729,,0,4,4,8,4,4,8
2630,12743,,0,2,2,4,2,2,4
2631,21712,,0,2,2,4,2,2,4
2632,3998,,0,3,3,6,3,3,6
2633,8513,,0,2,2,4,2,2,4
2634,10501,,0,2,2,4,2,2,4
2635,13029,,0,3,3,6,3,3,6
2636,13622,,0,2,2,4,2,2,4
2637,13682,,0,3,3,6,3,3,6
2638,16749,,0,3,3,6,3,3,6
2639,26059,,0,3,3,6,3,3,6
2640,26065,,0,9,9,18,9,9,18
2641,2926,,0,2,2,4,2,2,4
2642,14781,,0,2,2,4,2,2,4
2643,17017,,0,1,1,2,1,1,2
2644,17161,,0,2,2,4,2,2,4
2645,25050,,0,8,8,16,8,8,16
2646,11113,,0,3,3,6,3,3,6
2647,23267,,0,1,1,2,1,1,2
2648,12016,,0,7,7,14,7,7,14
2649,13469,,0,12,12,24,12,12,24
2650,18250,,0,2,2,4,2,2,4
2651,20667,,0,1,1,2,1,1,2
2652,4189,,0,2,2,4,2,2,4
2653,16234,,0,2,2,4,2,2,4
2654,17251,,0,1,1,2,1,1,2
2655,18373,,0,4,4,8,4,4,8
2656,20557,,0,1,1,2,1,1,2
2657,8298,,0,5,5,10,5,5,10
2658,12709,,0,2,2,4,2,2,4
2659,18443,,0,4,4,8,4,4,8
2660,18658,,0,2,2,4,2,2,4
2661,18667,,0,3,3,6,3,3,6
2662,26157,,0,2,2,4,2,2,4
2663,19356,,0,1,1,2,1,1,2
2664,3052,,0,5,5,10,5,5,10
2665,6711,,0,3,3,6,3,3,6
2666,22725,,0,4,4,8,4,4,8
2667,6904,,0,4,4,8,4,4,8
2668,18271,,0,9,9,18,9,9,18
2669,1736,,0,6,6,12,6,6,12
2670,1914,,0,4,4,8,4,4,8
2671,14424,,0,5,5,10,5,5,10
2672,19462,,0,5,5,10,5,5,10
2673,23137,,0,2,2,4,2,2,4
2674,500,,0,8,8,16,8,8,16
2675,4631,,0,3,3,6,3,3,6
2676,10615,,0,8,8,16,8,8,16
2677,12074,,0,6,6,12,6,6,12
2678,16754,,0,6,6,12,6,6,12
2679,19612,,0,6,6,12,6,6,12
2680,24454,,0,3,3,6,3,3,6
2681,20014,,0,6,6,12,6,6,12
2682,8374,,0,3,3,6,3,3,6
2683,17465,,0,3,3,6,3,3,6
2684,20089,,0,3,3,6,3,3,6
2685,25358,,0,2,2,4,2,2,4
2686,8730,,0,3,3,6,3,3,6
2687,13177,,0,3,3,6,3,3,6
2688,19723,,0,5,5,10,5,5,10
2689,24885,,0,7,7,14,7,7,14
2690,9732,,0,4,4,8,4,4,8
2691,3547,,0,13,13,26,13,13,26
2692,1405,,0,2,2,4,2,2,4
2693,2511,,0,5,5,10,5,5,10
2694,7452,,0,1,1,2,1,1,2
2695,13369,,0,9,9,18,9,9,18
2696,14346,,0,1,1,2,1,1,2
2697,19244,,0,1,1,2,1,1,2
2698,23989,,0,1,1,2,1,1,2
2699,15821,,0,4,4,8,4,4,8
2700,8150,,0,2,2,4,2,2,4
2701,14308,,0,7,7,14,7,7,14
2702,9066,,0,7,7,14,7,7,14
2703,16274,,0,5,5,10,5,5,10
2704,22722,,0,2,2,4,2,2,4
2705,15175,,0,3,3,6,3,3,6
2706,16265,,0,2,2,4,2,2,4
2707,10918,,0,3,3,6,3,3,6
2708,1966,,0,3,3,6,3,3,6
2709,8048,,0,3,3,6,3,3,6
2710,15717,,0,3,3,6,3,3,6
2711,3553,,0,2,2,4,2,2,4
2712,15571,,0,6,6,12,6,6,12
2713,20253,,0,2,2,4,2,2,4
2714,2806,,0,2,2,4,2,2,4
2715,9209,,0,2,2,4,2,2,4
2716,17149,,0,6,6,12,6,6,12
2717,10496,,0,7,7,14,7,7,14
2718,10497,,0,1,1,2,1,1,2
2719,5629,,0,4,4,8,4,4,8
2720,3948,,0,2,2,4,2,2,4
2721,13683,,0,3,3,6,3,3,6
2722,21203,,0,4,4,8,4,4,8
2723,21778,,0,3,3,6,3,3,6
2724,3451,,0,1,1,2,1,1,2
2725,7038,,0,2,2,4,2,2,4
2726,19710,,0,3,3,6,3,3,6
2727,23163,,0,3,3,6,3,3,6
2728,23225,,0,3,3,6,3,3,6
2729,3683,,0,1,1,2,1,1,2
2730,3845,,0,1,1,2,1,1,2
2731,6748,,0,2,2,4,2,2,4
2732,14664,,0,1,1,2,1,1,2
2733,16065,,0,1,1,2,1,1,2
2734,16963,,0,1,1,2,1,1,2
2735,20650,,0,2,2,4,2,2,4
2736,4032,,0,2,2,4,2,2,4
2737,19703,,0,3,3,6,3,3,6
2738,11495,,0,3,3,6,3,3,6
2739,5415,,0,1,1,2,1,1,2
2740,165,,0,2,2,4,2,2,4
2741,293,,0,2,2,4,2,2,4
2742,3228,,0,6,6,12,6,6,12
2743,6556,,0,3,3,6,3,3,6
2744,17194,,0,5,5,10,5,5,10
2745,183,,0,1,1,2,1,1,2
2746,9946,,0,2,2,4,2,2,4
2747,1862,,0,1,1,2,1,1,2
2748,3194,,0,1,1,2,1,1,2
2749,3532,,0,1,1,2,1,1,2
2750,5400,,0,1,1,2,1,1,2
2751,17934,,0,1,1,2,1,1,2
2752,24129,,0,1,1,2,1,1,2
2753,4351,,0,9,9,18,9,9,18
2754,3875,,0,1,1,2,1,1,2
2755,1104,,0,2,2,4,2,2,4
2756,5427,,0,1,1,2,1,1,2
2757,13529,,0,1,1,2,1,1,2
2758,8541,,0,8,8,16,8,8,16
2759,11898,,0,1,1,2,1,1,2
2760,1028,,0,7,7,14,7,7,14
2761,9924,,0,5,5,10,5,5,10
2762,12262,,0,5,5,10,5,5,10
2763,2526,,0,6,6,12,6,6,12
2764,7853,,0,6,6,12,6,6,12
2765,14976,,0,6,6,12,6,6,12
2766,24781,,0,10,10,20,10,10,20
2767,21853,,0,5,5,10,5,5,10
2768,24489,,0,7,7,14,7,7,14
2769,884,,0,2,2,4,2,2,4
2770,5469,,0,3,3,6,3,3,6
2771,5575,,0,3,3,6,3,3,6
2772,10183,,0,1,1,2,1,1,2
2773,10966,,0,6,6,12,6,6,12
2774,16624,,0,3,3,6,3,3,6
2775,24699,,0,4,4,8,4,4,8
2776,18122,,0,13,13,26,13,13,26
2777,8593,,0,3,3,6,3,3,6
2778,17923,,0,4,4,8,4,4,8
2779,24240,,0,8,8,16,8,8,16
2780,13153,,0,4,4,8,4,4,8
2781,6073,,0,2,2,4,2,2,4
2782,5202,,0,3,3,6,3,3,6
2783,20787,,0,6,6,12,6,6,12
2784,114,,0,1,1,2,1,1,2
2785,2348,,0,1,1,2,1,1,2
2786,6631,,0,1,1,2,1,1,2
2787,11979,,0,3,3,6,3,3,6
2788,17273,,0,5,5,10,5,5,10
2789,4290,,0,1,1,2,1,1,2
2790,8200,,0,2,2,4,2,2,4
2791,12302,,0,2,2,4,2,2,4
2792,21017,,0,1,1,2,1,1,2
2793,1029,,0,2,2,4,2,2,4
2794,3819,,0,1,1,2,1,1,2
2795,1045,,0,1,1,2,1,1,2
2796,6265,,0,1,1,2,1,1,2
2797,2622,,0,1,1,2,1,1,2
2798,23066,,0,3,3,6,3,3,6
2799,14500,,0,2,2,4,2,2,4
2800,17918,,0,2,2,4,2,2,4
2801,12866,,0,3,3,6,3,3,6
2802,20196,,0,2,2,4,2,2,4
2803,3754,,0,3,3,6,3,3,6
2804,3821,,0,1,1,2,1,1,2
2805,21663,,0,2,2,4,2,2,4
2806,22203,,0,3,3,6,3,3,6
2807,1600,,0,2,2,4,2,2,4
2808,15905,,0,1,1,2,1,1,2
2809,21635,,0,2,2,4,2,2,4
2810,21658,,0,1,1,2,1,1,2
2811,23490,,0,2,2,4,2,2,4
2812,16543,,0,8,8,16,8,8,16
2813,238,,0,4,4,8,4,4,8
2814,4793,,0,7,7,14,7,7,14
2815,15516,,0,5,5,10,5,5,10
2816,16553,,0,4,4,8,4,4,8
2817,16563,,0,4,4,8,4,4,8
2818,16565,,0,4,4,8,4,4,8
2819,22964,,0,3,3,6,3,3,6
2820,8442,,0,2,2,4,2,2,4
2821,10412,,0,2,2,4,2,2,4
2822,15125,,0,3,3,6,3,3,6
2823,21220,,0,11,11,22,11,11,22
2824,14316,,0,3,3,6,3,3,6
2825,3119,,0,2,2,4,2,2,4
2826,19004,,0,2,2,4,2,2,4
2827,491,,0,11,11,22,11,11,22
2828,1124,,0,7,7,14,7,7,14
2829,1818,,0,3,3,6,3,3,6
2830,5739,,0,4,4,8,4,4,8
2831,17039,,0,3,3,6,3,3,6
2832,22028,,0,5,5,10,5,5,10
2833,23454,,0,1,1,2,1,1,2
2834,1267,,0,4,4,8,4,4,8
2835,18102,,0,4,4,8,4,4,8
2836,3321,,0,3,3,6,3,3,6
2837,1151,,0,13,13,26,13,13,26
2838,2410,,0,13,13,26,13,13,26
2839,3843,,0,19,19,38,19,19,38
2840,6301,,0,13,13,26,13,13,26
2841,10247,,0,1,1,2,1,1,2
2842,15414,,0,13,13,26,13,13,26
2843,18743,,0,13,13,26,13,13,26
2844,22032,,0,13,13,26,13,13,26
2845,22903,,0,15,15,30,15,15,30
2846,23674,,0,13,13,26,13,13,26
2847,24294,,0,13,13,26,13,13,26
2848,24706,,0,13,13,26,13,13,26
2849,25998,,0,15,15,30,15,15,30
2850,18215,,0,11,11,22,11,11,22
2851,4640,,0,3,3,6,3,3,6
2852,19248,,0,3,3,6,3,3,6
2853,7126,,0,2,2,4,2,2,4
2854,13970,,0,1,1,2,1,1,2
2855,882,,0,4,4,8,4,4,8
2856,1498,,0,3,3,6,3,3,6
2857,3033,,0,3,3,6,3,3,6
2858,3048,,0,5,5,10,5,5,10
2859,3511,,0,2,2,4,2,2,4
2860,7091,,0,3,3,6,3,3,6
2861,14707,,0,8,8,16,8,8,16
2862,18340,,0,1,1,2,1,1,2
2863,2085,,0,4,4,8,4,4,8
2864,2568,,0,5,5,10,5,5,10
2865,3099,,0,5,5,10,5,5,10
2866,4468,,0,2,2,4,2,2,4
2867,9892,,0,6,6,12,6,6,12
2868,10358,,0,3,3,6,3,3,6
2869,10458,,0,7,7,14,7,7,14
2870,11011,,0,7,7,14,7,7,14
2871,13971,,0,2,2,4,2,2,4
2872,18783,,0,2,2,4,2,2,4
2873,20552,,0,4,4,8,4,4,8
2874,20553,,0,2,2,4,2,2,4
2875,23355,,0,3,3,6,3,3,6
2876,25086,,0,10,10,20,10,10,20
2877,25180,,0,2,2,4,2,2,4
2878,25785,,0,6,6,12,6,6,12
2879,95,,0,2,2,4,2,2,4
2880,11109,,0,2,2,4,2,2,4
2881,21562,,0,2,2,4,2,2,4
2882,75,,0,1,1,2,1,1,2
2883,12260,,0,2,2,4,2,2,4
2884,25491,,0,2,2,4,2,2,4
2885,25844,,0,1,1,2,1,1,2
2886,6184,,0,1,1,2,1,1,2
2887,19442,,0,4,4,8,4,4,8
2888,22728,,0,1,1,2,1,1,2
2889,21547,,0,3,3,6,3,3,6
2890,9126,,0,3,3,6,3,3,6
2891,11610,,0,3,3,6,3,3,6
2892,18558,,0,1,1,2,1,1,2
2893,2190,,0,4,4,8,4,4,8
2894,14933,,0,4,4,8,4,4,8
2895,1109,,0,3,3,6,3,3,6
2896,10655,,0,3,3,6,3,3,6
2897,12742,,0,4,4,8,4,4,8
2898,18445,,0,1,1,2,1,1,2
2899,25125,,0,4,4,8,4,4,8
2900,4625,,0,1,1,2,1,1,2
2901,20959,,0,1,1,2,1,1,2
2902,10539,,0,4,4,8,4,4,8
2903,8476,,0,1,1,2,1,1,2
2904,2143,,0,1,1,2,1,1,2
2905,10388,,0,2,2,4,2,2,4
2906,1497,,0,2,2,4,2,2,4
2907,16890,,0,1,1,2,1,1,2
2908,1915,,0,1,1,2,1,1,2
2909,15186,,0,1,1,2,1,1,2
2910,2877,,0,3,3,6,3,3,6
2911,21154,,0,2,2,4,2,2,4
2912,11944,,0,2,2,4,2,2,4
2913,16429,,0,6,6,12,6,6,12
2914,25784,,0,2,2,4,2,2,4
2915,10986,,0,1,1,2,1,1,2
2916,14414,,0,2,2,4,2,2,4
2917,22119,,0,3,3,6,3,3,6
2918,8523,,0,2,2,4,2,2,4
2919,13749,,0,4,4,8,4,4,8
2920,11822,,0,1,1,2,1,1,2
2921,21016,,0,1,1,2,1,1,2
2922,21169,,0,1,1,2,1,1,2
2923,820,,0,2,2,4,2,2,4
2924,3953,,0,4,4,8,4,4,8
2925,4483,,0,7,7,14,7,7,14
2926,1098,,0,3,3,6,3,3,6
2927,16107,,0,1,1,2,1,1,2
2928,26171,,0,1,1,2,1,1,2
2929,4139,,0,4,4,8,4,4,8
2930,20002,,0,4,4,8,4,4,8
2931,4247,,0,3,3,6,3,3,6
2932,4250,,0,3,3,6,3,3,6
2933,11379,,0,8,8,16,8,8,16
2934,12712,,0,3,3,6,3,3,6
2935,14324,,0,2,2,4,2,2,4
2936,21409,,0,6,6,12,6,6,12
2937,22696,,0,2,2,4,2,2,4
2938,23714,,0,2,2,4,2,2,4
2939,8378,,0,1,1,2,1,1,2
2940,7584,,0,3,3,6,3,3,6
2941,12049,,0,3,3,6,3,3,6
2942,17382,,0,3,3,6,3,3,6
2943,10850,,0,1,1,2,1,1,2
2944,5062,,0,1,1,2,1,1,2
2945,19881,,0,1,1,2,1,1,2
2946,4712,,0,1,1,2,1,1,2
2947,11017,,0,1,1,2,1,1,2
2948,26173,,0,2,2,4,2,2,4
2949,748,,0,1,1,2,1,1,2
2950,140,,0,6,6,12,6,6,12
2951,17304,,0,4,4,8,4,4,8
2952,18587,,0,4,4,8,4,4,8
2953,19404,,0,6,6,12,6,6,12
2954,10478,,0,1,1,2,1,1,2
2955,16675,,0,1,1,2,1,1,2
2956,3007,,0,2,2,4,2,2,4
2957,25537,,0,3,3,6,3,3,6
2958,21546,,0,1,1,2,1,1,2
2959,3876,,0,3,3,6,3,3,6
2960,9338,,0,1,1,2,1,1,2
2961,12611,,0,5,5,10,5,5,10
2962,12861,,0,3,3,6,3,3,6
2963,17208,,0,2,2,4,2,2,4
2964,21929,,0,2,2,4,2,2,4
2965,1153,,0,1,1,2,1,1,2
2966,4183,,0,1,1,2,1,1,2
2967,6010,,0,2,2,4,2,2,4
2968,12370,,0,3,3,6,3,3,6
2969,16834,,0,2,2,4,2,2,4
2970,16853,,0,3,3,6,3,3,6
2971,21199,,0,2,2,4,2,2,4
2972,22299,,0,4,4,8,4,4,8
2973,22309,,0,3,3,6,3,3,6
2974,4148,,0,2,2,4,2,2,4
2975,9863,,0,2,2,4,2,2,4
2976,20248,,0,2,2,4,2,2,4
2977,23135,,0,1,1,2,1,1,2
2978,2451,,0,1,1,2,1,1,2
2979,11227,,0,3,3,6,3,3,6
2980,15258,,0,6,6,12,6,6,12
2981,7071,,0,3,3,6,3,3,6
2982,8195,,0,4,4,8,4,4,8
2983,15951,,0,5,5,10,5,5,10
2984,400,,0,1,1,2,1,1,2
2985,4379,,0,3,3,6,3,3,6
2986,6541,,0,3,3,6,3,3,6
2987,8216,,0,3,3,6,3,3,6
2988,14498,,0,1,1,2,1,1,2
2989,6878,,0,3,3,6,3,3,6
2990,283,,0,2,2,4,2,2,4
2991,1880,,0,1,1,2,1,1,2
2992,15961,,0,1,1,2,1,1,2
2993,14690,,0,8,8,16,8,8,16
2994,22254,,0,1,1,2,1,1,2
2995,749,,0,1,1,2,1,1,2
2996,3607,,0,2,2,4,2,2,4
2997,8031,,0,4,4,8,4,4,8
2998,15907,,0,1,1,2,1,1,2
2999,19164,,0,4,4,8,4,4,8
3000,3073,,0,1,1,2,1,1,2
3001,7246,,0,2,2,4,2,2,4
3002,17240,,0,2,2,4,2,2,4
3003,25091,,0,1,1,2,1,1,2
3004,113,,0,4,4,8,4,4,8
3005,1550,,0,3,3,6,3,3,6
3006,20952,,0,3,3,6,3,3,6
3007,24280,,0,3,3,6,3,3,6
3008,4988,,0,3,3,6,3,3,6
3009,17125,,0,3,3,6,3,3,6
3010,18094,,0,2,2,4,2,2,4
3011,20947,,0,3,3,6,3,3,6
3012,16415,,0,6,6,12,6,6,12
3013,7046,,0,6,6,12,6,6,12
3014,14710,,0,6,6,12,6,6,12
3015,15682,,0,6,6,12,6,6,12
3016,17157,,0,6,6,12,6,6,12
3017,23093,,0,6,6,12,6,6,12
3018,1499,,0,2,2,4,2,2,4
3019,20261,,0,2,2,4,2,2,4
3020,24002,,0,1,1,2,1,1,2
3021,23653,,0,1,1,2,1,1,2
3022,22462,,0,4,4,8,4,4,8
3023,24122,,0,1,1,2,1,1,2
3024,3721,,0,2,2,4,2,2,4
3025,16278,,0,3,3,6,3,3,6
3026,24705,,0,7,7,14,7,7,14
3027,22147,,0,6,6,12,6,6,12
3028,2169,,0,5,5,10,5,5,10
3029,5938,,0,3,3,6,3,3,6
3030,16084,,0,1,1,2,1,1,2
3031,19581,,0,1,1,2,1,1,2
3032,23306,,0,4,4,8,4,4,8
3033,20383,,0,5,5,10,5,5,10
3034,864,,0,1,1,2,1,1,2
3035,26013,,0,3,3,6,3,3,6
3036,16213,,0,3,3,6,3,3,6
3037,24870,,0,4,4,8,4,4,8
3038,6703,,0,3,3,6,3,3,6
3039,12803,,0,2,2,4,2,2,4
3040,15596,,0,3,3,6,3,3,6
3041,17592,,0,2,2,4,2,2,4
3042,18920,,0,6,6,12,6,6,12
3043,19078,,0,3,3,6,3,3,6
3044,16335,,0,1,1,2,1,1,2
3045,21100,,0,6,6,12,6,6,12
3046,20086,,0,2,2,4,2,2,4
3047,21772,,0,3,3,6,3,3,6
3048,25540,,0,8,8,16,8,8,16
3049,10352,,0,1,1,2,1,1,2
3050,8520,,0,2,2,4,2,2,4
3051,16177,,0,3,3,6,3,3,6
3052,5060,,0,1,1,2,1,1,2
3053,1608,,0,2,2,4,2,2,4
3054,20030,,0,7,7,14,7,7,14
3055,8511,,0,8,8,16,8,8,16
3056,2773,,0,5,5,10,5,5,10
3057,6529,,0,5,5,10,5,5,10
3058,6543,,0,5,5,10,5,5,10
3059,24341,,0,1,1,2,1,1,2
3060,834,,0,3,3,6,3,3,6
3061,2490,,0,5,5,10,5,5,10
3062,5570,,0,3,3,6,3,3,6
3063,3193,,0,7,7,14,7,7,14
3064,19469,,0,2,2,4,2,2,4
3065,8630,,0,1,1,2,1,1,2
3066,22815,,0,10,10,20,10,10,20
3067,11293,,0,13,13,26,13,13,26
3068,8726,,0,2,2,4,2,2,4
3069,9491,,0,4,4,8,4,4,8
3070,11405,,0,2,2,4,2,2,4
3071,15196,,0,2,2,4,2,2,4
3072,15938,,0,3,3,6,3,3,6
3073,17126,,0,2,2,4,2,2,4
3074,17764,,0,7,7,14,7,7,14
3075,25615,,0,2,2,4,2,2,4
3076,80,,0,2,2,4,2,2,4
3077,8742,,0,3,3,6,3,3,6
3078,23063,,0,2,2,4,2,2,4
3079,10807,,0,2,2,4,2,2,4
3080,21466,,0,6,6,12,6,6,12
3081,9629,,0,12,12,24,12,12,24
3082,10153,,0,4,4,8,4,4,8
3083,15209,,0,2,2,4,2,2,4
3084,15669,,0,3,3,6,3,3,6
3085,17984,,0,6,6,12,6,6,12
3086,8871,,0,2,2,4,2,2,4
3087,17090,,0,2,2,4,2,2,4
3088,3631,,0,1,1,2,1,1,2
3089,13684,,0,3,3,6,3,3,6
3090,18283,,0,3,3,6,3,3,6
3091,19301,,0,3,3,6,3,3,6
3092,25152,,0,2,2,4,2,2,4
3093,22436,,0,2,2,4,2,2,4
3094,9504,,0,2,2,4,2,2,4
3095,5359,,0,2,2,4,2,2,4
3096,24034,,0,3,3,6,3,3,6
3097,19962,,0,2,2,4,2,2,4
3098,5225,,0,6,6,12,6,6,12
3099,7093,,0,2,2,4,2,2,4
3100,8000,,0,2,2,4,2,2,4
3101,17395,,0,1,1,2,1,1,2
3102,18582,,0,1,1,2,1,1,2
3103,22375,,0,3,3,6,3,3,6
3104,23419,,0,1,1,2,1,1,2
3105,244,,0,7,7,14,7,7,14
3106,16900,,0,3,3,6,3,3,6
3107,22246,,0,3,3,6,3,3,6
3108,3752,,0,3,3,6,3,3,6
3109,4650,,0,2,2,4,2,2,4
3110,24174,,0,3,3,6,3,3,6
3111,24149,,0,1,1,2,1,1,2
3112,10467,,0,3,3,6,3,3,6
3113,13175,,0,2,2,4,2,2,4
3114,20892,,0,4,4,8,4,4,8
3115,21816,,0,2,2,4,2,2,4
3116,5830,,0,2,2,4,2,2,4
3117,3188,,0,1,1,2,1,1,2
3118,14371,,0,1,1,2,1,1,2
3119,15774,,0,1,1,2,1,1,2
3120,2826,,0,5,5,10,5,5,10
3121,8206,,0,1,1,2,1,1,2
3122,12865,,0,1,1,2,1,1,2
3123,17688,,0,5,5,10,5,5,10
3124,364,,0,4,4,8,4,4,8
3125,3292,,0,1,1,2,1,1,2
3126,10391,,0,2,2,4,2,2,4
3127,2352,,0,1,1,2,1,1,2
3128,939,,0,1,1,2,1,1,2
3129,1834,,0,2,2,4,2,2,4
3130,5056,,0,2,2,4,2,2,4
3131,13664,,0,5,5,10,5,5,10
3132,14037,,0,1,1,2,1,1,2
3133,16940,,0,3,3,6,3,3,6
3134,19613,,0,3,3,6,3,3,6
3135,24121,,0,4,4,8,4,4,8
3136,3826,,0,2,2,4,2,2,4
3137,12369,,0,2,2,4,2,2,4
3138,13498,,0,1,1,2,1,1,2
3139,19111,,0,2,2,4,2,2,4
3140,22239,,0,2,2,4,2,2,4
3141,6033,,0,6,6,12,6,6,12
3142,23233,,0,8,8,16,8,8,16
3143,6533,,0,3,3,6,3,3,6
3144,8155,,0,5,5,10,5,5,10
3145,24204,,0,3,3,6,3,3,6
3146,10468,,0,1,1,2,1,1,2
3147,8398,,0,3,3,6,3,3,6
3148,9327,,0,4,4,8,4,4,8
3149,17950,,0,1,1,2,1,1,2
3150,18522,,0,1,1,2,1,1,2
3151,2475,,0,3,3,6,3,3,6
3152,3209,,0,2,2,4,2,2,4
3153,15973,,0,2,2,4,2,2,4
3154,21928,,0,3,3,6,3,3,6
3155,24765,,0,5,5,10,5,5,10
3156,19909,,0,2,2,4,2,2,4
3157,23474,,0,2,2,4,2,2,4
3158,1833,,0,2,2,4,2,2,4
3159,8177,,0,7,7,14,7,7,14
3160,12107,,0,2,2,4,2,2,4
3161,4819,,0,2,2,4,2,2,4
3162,7863,,0,2,2,4,2,2,4
3163,8596,,0,2,2,4,2,2,4
3164,13635,,0,4,4,8,4,4,8
3165,17848,,0,1,1,2,1,1,2
3166,4467,,0,1,1,2,1,1,2
3167,6316,,0,1,1,2,1,1,2
3168,17235,,0,2,2,4,2,2,4
3169,2124,,0,1,1,2,1,1,2
3170,3526,,0,2,2,4,2,2,4
3171,15786,,0,2,2,4,2,2,4
3172,1105,,0,1,1,2,1,1,2
3173,14985,,0,1,1,2,1,1,2
3174,29,,0,1,1,2,1,1,2
3175,16751,,0,1,1,2,1,1,2
3176,12053,,0,4,4,8,4,4,8
3177,880,,0,3,3,6,3,3,6
3178,13604,,0,1,1,2,1,1,2
3179,9095,,0,1,1,2,1,1,2
3180,12043,,0,2,2,4,2,2,4
3181,18742,,0,1,1,2,1,1,2
3182,22890,,0,3,3,6,3,3,6
3183,26044,,0,1,1,2,1,1,2
3184,10081,,0,5,5,10,5,5,10
3185,450,,0,1,1,2,1,1,2
3186,866,,0,2,2,4,2,2,4
3187,17825,,0,3,3,6,3,3,6
3188,20173,,0,2,2,4,2,2,4
3189,4052,,0,1,1,2,1,1,2
3190,3685,,0,2,2,4,2,2,4
3191,5485,,0,3,3,6,3,3,6
3192,23870,,0,5,5,10,5,5,10
3193,11902,,0,4,4,8,4,4,8
3194,23622,,0,1,1,2,1,1,2
3195,25057,,0,2,2,4,2,2,4
3196,25229,,0,1,1,2,1,1,2
3197,1322,,0,2,2,4,2,2,4
3198,10925,,0,3,3,6,3,3,6
3199,15195,,0,3,3,6,3,3,6
3200,16068,,0,2,2,4,2,2,4
3201,17467,,0,3,3,6,3,3,6
3202,25674,,0,1,1,2,1,1,2
3203,853,,0,4,4,8,4,4,8
3204,8441,,0,1,1,2,1,1,2
3205,16070,,0,1,1,2,1,1,2
3206,16087,,0,1,1,2,1,1,2
3207,17231,,0,2,2,4,2,2,4
3208,19434,,0,1,1,2,1,1,2
3209,23944,,0,1,1,2,1,1,2
3210,24499,,0,1,1,2,1,1,2
3211,6175,,0,3,3,6,3,3,6
3212,7072,,0,3,3,6,3,3,6
3213,9890,,0,1,1,2,1,1,2
3214,17981,,0,2,2,4,2,2,4
3215,18234,,0,3,3,6,3,3,6
3216,24332,,0,3,3,6,3,3,6
3217,18447,,0,2,2,4,2,2,4
3218,396,,0,4,4,8,4,4,8
3219,13616,,0,1,1,2,1,1,2
3220,15214,,0,3,3,6,3,3,6
3221,5529,,0,4,4,8,4,4,8
3222,15568,,0,6,6,12,6,6,12
3223,17163,,0,3,3,6,3,3,6
3224,22954,,0,3,3,6,3,3,6
3225,4000,,0,1,1,2,1,1,2
3226,9514,,0,1,1,2,1,1,2
3227,1959,,0,2,2,4,2,2,4
3228,9723,,0,2,2,4,2,2,4
3229,22879,,0,5,5,10,5,5,10
3230,2459,,0,1,1,2,1,1,2
3231,6380,,0,1,1,2,1,1,2
3232,13859,,0,8,8,16,8,8,16
3233,4141,,0,4,4,8,4,4,8
3234,9267,,0,3,3,6,3,3,6
3235,16091,,0,3,3,6,3,3,6
3236,17755,,0,2,2,4,2,2,4
3237,20053,,0,1,1,2,1,1,2
3238,22395,,0,3,3,6,3,3,6
3239,26168,,0,3,3,6,3,3,6
3240,1599,,0,1,1,2,1,1,2
3241,18237,,0,1,1,2,1,1,2
3242,9984,,0,3,3,6,3,3,6
3243,10967,,0,2,2,4,2,2,4
3244,16336,,0,2,2,4,2,2,4
3245,20435,,0,2,2,4,2,2,4
3246,20479,,0,2,2,4,2,2,4
3247,21433,,0,2,2,4,2,2,4
3248,25783,,0,7,7,14,7,7,14
3249,16011,,0,1,1,2,1,1,2
3250,22929,,0,1,1,2,1,1,2
3251,22993,,0,1,1,2,1,1,2
3252,14970,,0,2,2,4,2,2,4
3253,7039,,0,3,3,6,3,3,6
3254,12166,,0,3,3,6,3,3,6
3255,15960,,0,2,2,4,2,2,4
3256,18782,,0,5,5,10,5,5,10
3257,13389,,0,1,1,2,1,1,2
3258,26004,,0,7,7,14,7,7,14
3259,5862,,0,6,6,12,6,6,12
3260,7959,,0,2,2,4,2,2,4
3261,19642,,0,2,2,4,2,2,4
3262,7592,,0,3,3,6,3,3,6
3263,8179,,0,1,1,2,1,1,2
3264,6583,,0,25,25,50,25,25,50
3265,15974,,0,2,2,4,2,2,4
3266,17564,,0,1,1,2,1,1,2
3267,23883,,0,4,4,8,4,4,8
3268,4781,,0,3,3,6,3,3,6
3269,19697,,0,6,6,12,6,6,12
3270,25668,,0,1,1,2,1,1,2
3271,4878,,0,2,2,4,2,2,4
3272,5184,,0,3,3,6,3,3,6
3273,8643,,0,3,3,6,3,3,6
3274,11967,,0,4,4,8,4,4,8
3275,21779,,0,3,3,6,3,3,6
3276,24503,,0,2,2,4,2,2,4
3277,24942,,0,2,2,4,2,2,4
3278,2443,,0,13,13,26,13,13,26
3279,8625,,0,7,7,14,7,7,14
3280,14369,,0,10,10,20,10,10,20
3281,15395,,0,12,12,24,12,12,24
3282,17583,,0,6,6,12,6,6,12
3283,7769,,0,2,2,4,2,2,4
3284,15977,,0,1,1,2,1,1,2
3285,17118,,0,2,2,4,2,2,4
3286,13702,,0,6,6,12,6,6,12
3287,18152,,0,1,1,2,1,1,2
3288,19978,,0,3,3,6,3,3,6
3289,12868,,0,1,1,2,1,1,2
3290,17180,,0,1,1,2,1,1,2
3291,18154,,0,1,1,2,1,1,2
3292,17099,,0,1,1,2,1,1,2
3293,13864,,0,1,1,2,1,1,2
3294,6095,,0,3,3,6,3,3,6
3295,7446,,0,4,4,8,4,4,8
3296,25236,,0,3,3,6,3,3,6
3297,5731,,0,1,1,2,1,1,2
3298,2536,,0,4,4,8,4,4,8
3299,16041,,0,4,4,8,4,4,8
3300,25870,,0,1,1,2,1,1,2
3301,14033,,0,6,6,12,6,6,12
3302,2770,,0,4,4,8,4,4,8
3303,10991,,0,1,1,2,1,1,2
3304,17306,,0,4,4,8,4,4,8
3305,19924,,0,1,1,2,1,1,2
3306,25383,,0,1,1,2,1,1,2
3307,10004,,0,5,5,10,5,5,10
3308,25234,,0,3,3,6,3,3,6
3309,19964,,0,5,5,10,5,5,10
3310,2342,,0,3,3,6,3,3,6
3311,2516,,0,3,3,6,3,3,6
3312,21998,,0,4,4,8,4,4,8
3313,25571,,0,1,1,2,1,1,2
3314,5444,,0,2,2,4,2,2,4
3315,13931,,0,3,3,6,3,3,6
3316,21549,,0,2,2,4,2,2,4
3317,4847,,0,3,3,6,3,3,6
3318,10842,,0,3,3,6,3,3,6
3319,4143,,0,5,5,10,5,5,10
3320,6808,,0,4,4,8,4,4,8
3321,7802,,0,4,4,8,4,4,8
3322,17127,,0,3,3,6,3,3,6
3323,20554,,0,1,1,2,1,1,2
3324,21777,,0,2,2,4,2,2,4
3325,22108,,0,5,5,10,5,5,10
3326,23555,,0,4,4,8,4,4,8
3327,25718,,0,3,3,6,3,3,6
3328,19457,,0,1,1,2,1,1,2
3329,3174,,0,1,1,2,1,1,2
3330,6726,,0,1,1,2,1,1,2
3331,6813,,0,5,5,10,5,5,10
3332,13703,,0,2,2,4,2,2,4
3333,20854,,0,2,2,4,2,2,4
3334,12411,,0,4,4,8,4,4,8
3335,12645,,0,3,3,6,3,3,6
3336,16803,,0,3,3,6,3,3,6
3337,3291,,0,3,3,6,3,3,6
3338,5843,,0,3,3,6,3,3,6
3339,11213,,0,3,3,6,3,3,6
3340,25877,,0,2,2,4,2,2,4
3341,20515,,0,1,1,2,1,1,2
3342,12106,,0,2,2,4,2,2,4
3343,2340,,0,3,3,6,3,3,6
3344,20215,,0,2,2,4,2,2,4
3345,21333,,0,2,2,4,2,2,4
3346,2009,,0,6,6,12,6,6,12
3347,7309,,0,1,1,2,1,1,2
3348,8156,,0,1,1,2,1,1,2
3349,8403,,0,5,5,10,5,5,10
3350,12263,,0,1,1,2,1,1,2
3351,5519,,0,6,6,12,6,6,12
3352,5730,,0,1,1,2,1,1,2
3353,15252,,0,1,1,2,1,1,2
3354,21289,,0,2,2,4,2,2,4
3355,26167,,0,2,2,4,2,2,4
3356,22830,,0,2,2,4,2,2,4
3357,15172,,0,1,1,2,1,1,2
3358,3654,,0,3,3,6,3,3,6
3359,14154,,0,1,1,2,1,1,2
3360,15882,,0,1,1,2,1,1,2
3361,10186,,0,1,1,2,1,1,2
3362,4033,,0,3,3,6,3,3,6
3363,20782,,0,3,3,6,3,3,6
3364,23730,,0,3,3,6,3,3,6
3365,6185,,0,1,1,2,1,1,2
3366,24412,,0,9,9,18,9,9,18
3367,2950,,0,1,1,2,1,1,2
3368,2350,,0,2,2,4,2,2,4
3369,25405,,0,2,2,4,2,2,4
3370,5216,,0,3,3,6,3,3,6
3371,17290,,0,1,1,2,1,1,2
3372,20155,,0,2,2,4,2,2,4
3373,26005,,0,1,1,2,1,1,2
3374,887,,0,2,2,4,2,2,4
3375,9634,,0,3,3,6,3,3,6
3376,18972,,0,1,1,2,1,1,2
3377,25321,,0,2,2,4,2,2,4
3378,20066,,0,1,1,2,1,1,2
3379,11617,,0,1,1,2,1,1,2
3380,21029,,0,1,1,2,1,1,2
3381,3850,,0,1,1,2,1,1,2
3382,9128,,0,2,2,4,2,2,4
3383,269,,0,3,3,6,3,3,6
3384,1150,,0,3,3,6,3,3,6
3385,1611,,0,3,3,6,3,3,6
3386,8128,,0,5,5,10,5,5,10
3387,9974,,0,4,4,8,4,4,8
3388,19877,,0,5,5,10,5,5,10
3389,20495,,0,2,2,4,2,2,4
3390,21638,,0,3,3,6,3,3,6
3391,21708,,0,3,3,6,3,3,6
3392,25648,,0,6,6,12,6,6,12
3393,8877,,0,1,1,2,1,1,2
3394,22738,,0,3,3,6,3,3,6
3395,6629,,0,1,1,2,1,1,2
3396,17817,,0,3,3,6,3,3,6
3397,18684,,0,3,3,6,3,3,6
3398,19501,,0,4,4,8,4,4,8
3399,20942,,0,3,3,6,3,3,6
3400,12419,,0,3,3,6,3,3,6
3401,3507,,0,3,3,6,3,3,6
3402,19313,,0,2,2,4,2,2,4
3403,21755,,0,1,1,2,1,1,2
3404,24506,,0,3,3,6,3,3,6
3405,24595,,0,2,2,4,2,2,4
3406,3594,,0,4,4,8,4,4,8
3407,23713,,0,4,4,8,4,4,8
3408,3452,,0,2,2,4,2,2,4
3409,9968,,0,3,3,6,3,3,6
3410,14383,,0,2,2,4,2,2,4
3411,14652,,0,3,3,6,3,3,6
3412,21592,,0,3,3,6,3,3,6
3413,10719,,0,4,4,8,4,4,8
3414,11034,,0,3,3,6,3,3,6
3415,18764,,0,3,3,6,3,3,6
3416,22433,,0,3,3,6,3,3,6
3417,21177,,0,3,3,6,3,3,6
3418,20526,,0,2,2,4,2,2,4
3419,6943,,0,2,2,4,2,2,4
3420,22748,,0,2,2,4,2,2,4
3421,1992,,0,1,1,2,1,1,2
3422,12112,,0,2,2,4,2,2,4
3423,17440,,0,2,2,4,2,2,4
3424,5360,,0,1,1,2,1,1,2
3425,19544,,0,1,1,2,1,1,2
3426,6506,,0,4,4,8,4,4,8
3427,16042,,0,2,2,4,2,2,4
3428,21811,,0,2,2,4,2,2,4
3429,16155,,0,1,1,2,1,1,2
3430,9483,,0,2,2,4,2,2,4
3431,12797,,0,2,2,4,2,2,4
3432,21584,,0,2,2,4,2,2,4
3433,19903,,0,1,1,2,1,1,2
3434,2851,,0,2,2,4,2,2,4
3435,1860,,0,1,1,2,1,1,2
3436,20174,,0,1,1,2,1,1,2
3437,7586,,0,3,3,6,3,3,6
3438,24183,,0,7,7,14,7,7,14
3439,4371,,0,6,6,12,6,6,12
3440,15998,,0,6,6,12,6,6,12
3441,2810,,0,3,3,6,3,3,6
3442,18145,,0,2,2,4,2,2,4
3443,21799,,0,2,2,4,2,2,4
3444,5241,,0,1,1,2,1,1,2
3445,1404,,0,4,4,8,4,4,8
3446,2562,,0,4,4,8,4,4,8
3447,11199,,0,4,4,8,4,4,8
3448,18552,,0,2,2,4,2,2,4
3449,20884,,0,2,2,4,2,2,4
3450,200,,0,14,14,28,14,14,28
3451,492,,0,14,14,28,14,14,28
3452,6708,,0,14,14,28,14,14,28
3453,8151,,0,14,14,28,14,14,28
3454,9020,,0,14,14,28,14,14,28
3455,9021,,0,14,14,28,14,14,28
3456,9208,,0,14,14,28,14,14,28
3457,9722,,0,14,14,28,14,14,28
3458,16719,,0,2,2,4,2,2,4
3459,16882,,0,14,14,28,14,14,28
3460,17016,,0,2,2,4,2,2,4
3461,17022,,0,14,14,28,14,14,28
3462,19586,,0,14,14,28,14,14,28
3463,19678,,0,14,14,28,14,14,28
3464,24861,,0,14,14,28,14,14,28
3465,21051,,0,4,4,8,4,4,8
3466,1125,,0,1,1,2,1,1,2
3467,8055,,0,2,2,4,2,2,4
3468,8526,,0,3,3,6,3,3,6
3469,9486,,0,1,1,2,1,1,2
3470,11537,,0,4,4,8,4,4,8
3471,18880,,0,2,2,4,2,2,4
3472,18909,,0,1,1,2,1,1,2
3473,23476,,0,3,3,6,3,3,6
3474,10878,,0,5,5,10,5,5,10
3475,14078,,0,5,5,10,5,5,10
3476,18455,,0,1,1,2,1,1,2
3477,5483,,0,2,2,4,2,2,4
3478,18884,,0,2,2,4,2,2,4
3479,22727,,0,2,2,4,2,2,4
3480,5240,,0,6,6,12,6,6,12
3481,16230,,0,1,1,2,1,1,2
3482,70,,0,2,2,4,2,2,4
3483,4727,,0,4,4,8,4,4,8
3484,123,,0,1,1,2,1,1,2
3485,23240,,0,1,1,2,1,1,2
3486,3980,,0,2,2,4,2,2,4
3487,16962,,0,2,2,4,2,2,4
3488,2080,,0,2,2,4,2,2,4
3489,4069,,0,1,1,2,1,1,2
3490,3982,,0,1,1,2,1,1,2
3491,9090,,0,10,10,20,10,10,20
3492,1968,,0,1,1,2,1,1,2
3493,15942,,0,1,1,2,1,1,2
3494,9135,,0,1,1,2,1,1,2
3495,2184,,0,3,3,6,3,3,6
3496,23866,,0,1,1,2,1,1,2
3497,12696,,0,1,1,2,1,1,2
3498,9913,,0,2,2,4,2,2,4
3499,22382,,0,1,1,2,1,1,2
3500,5402,,0,1,1,2,1,1,2
3501,15947,,0,1,1,2,1,1,2
3502,6081,,0,2,2,4,2,2,4
3503,6919,,0,1,1,2,1,1,2
3504,19358,,0,2,2,4,2,2,4
3505,23616,,0,1,1,2,1,1,2
3506,7281,,0,1,1,2,1,1,2
3507,2144,,0,23,23,46,23,23,46
3508,2774,,0,23,23,46,23,23,46
3509,3055,,0,23,23,46,23,23,46
3510,3652,,0,23,23,46,23,23,46
3511,3655,,0,23,23,46,23,23,46
3512,3766,,0,23,23,46,23,23,46
3513,3814,,0,23,23,46,23,23,46
3514,6388,,0,23,23,46,23,23,46
3515,7096,,0,23,23,46,23,23,46
3516,9249,,0,23,23,46,23,23,46
3517,12051,,0,23,23,46,23,23,46
3518,12423,,0,23,23,46,23,23,46
3519,12885,,0,23,23,46,23,23,46
3520,14808,,0,23,23,46,23,23,46
3521,15173,,0,23,23,46,23,23,46
3522,15189,,0,23,23,46,23,23,46
3523,15999,,0,23,23,46,23,23,46
3524,18942,,0,23,23,46,23,23,46
3525,19705,,0,23,23,46,23,23,46
3526,20250,,0,23,23,46,23,23,46
3527,21030,,0,23,23,46,23,23,46
3528,21825,,0,23,23,46,23,23,46
3529,25108,,0,23,23,46,23,23,46
3530,6807,,0,2,2,4,2,2,4
3531,6806,,0,2,2,4,2,2,4
3532,8864,,0,4,4,8,4,4,8
3533,16131,,0,4,4,8,4,4,8
3534,16235,,0,2,2,4,2,2,4
3535,16280,,0,4,4,8,4,4,8
3536,17137,,0,4,4,8,4,4,8
3537,23810,,0,2,2,4,2,2,4
3538,7878,,0,4,4,8,4,4,8
3539,17575,,0,4,4,8,4,4,8
3540,17683,,0,4,4,8,4,4,8
3541,23915,,0,9,9,18,9,9,18
3542,12266,,0,9,9,18,9,9,18
3543,15678,,0,9,9,18,9,9,18
3544,17134,,0,9,9,18,9,9,18
3545,21436,,0,9,9,18,9,9,18
3546,23488,,0,9,9,18,9,9,18
3547,25575,,0,9,9,18,9,9,18
3548,9988,,0,2,2,4,2,2,4
3549,14620,,0,2,2,4,2,2,4
3550,2044,,0,4,4,8,4,4,8
3551,4490,,0,4,4,8,4,4,8
3552,4825,,0,6,6,12,6,6,12
3553,9593,,0,4,4,8,4,4,8
3554,15250,,0,2,2,4,2,2,4
3555,15589,,0,2,2,4,2,2,4
3556,17581,,0,1,1,2,1,1,2
3557,15898,,0,3,3,6,3,3,6
3558,12644,,0,1,1,2,1,1,2
3559,20528,,0,1,1,2,1,1,2
3560,18030,,0,9,9,18,9,9,18
3561,8457,,0,2,2,4,2,2,4
3562,9037,,0,10,10,20,10,10,20
3563,13483,,0,1,1,2,1,1,2
3564,14711,,0,1,1,2,1,1,2
3565,23623,,0,2,2,4,2,2,4
3566,1436,,0,3,3,6,3,3,6
3567,20064,,0,2,2,4,2,2,4
3568,20331,,0,1,1,2,1,1,2
3569,750,,0,2,2,4,2,2,4
3570,19641,,0,2,2,4,2,2,4
3571,18097,,0,1,1,2,1,1,2
3572,408,,0,2,2,4,2,2,4
3573,13834,,0,1,1,2,1,1,2
3574,16225,,0,2,2,4,2,2,4
3575,21404,,0,2,2,4,2,2,4
3576,26058,,0,5,5,10,5,5,10
3577,5361,,0,1,1,2,1,1,2
3578,11878,,0,1,1,2,1,1,2
3579,18557,,0,2,2,4,2,2,4
3580,8310,,0,1,1,2,1,1,2
3581,21401,,0,4,4,8,4,4,8
3582,19996,,0,3,3,6,3,3,6
3583,380,,0,3,3,6,3,3,6
3584,20078,,0,3,3,6,3,3,6
3585,21131,,0,1,1,2,1,1,2
3586,23859,,0,1,1,2,1,1,2
3587,2563,,0,1,1,2,1,1,2
3588,8437,,0,2,2,4,2,2,4
3589,12071,,0,2,2,4,2,2,4
3590,7011,,0,1,1,2,1,1,2
3591,8702,,0,1,1,2,1,1,2
3592,18159,,0,1,1,2,1,1,2
3593,15191,,0,1,1,2,1,1,2
3594,11066,,0,3,3,6,3,3,6
3595,1493,,0,11,11,22,11,11,22
3596,3811,,0,11,11,22,11,11,22
3597,914,,0,7,7,14,7,7,14
3598,2243,,0,7,7,14,7,7,14
3599,3442,,0,7,7,14,7,7,14
3600,5162,,0,7,7,14,7,7,14
3601,18633,,0,7,7,14,7,7,14
3602,10446,,0,1,1,2,1,1,2
3603,1353,,0,4,4,8,4,4,8
3604,3286,,0,3,3,6,3,3,6
3605,15478,,0,1,1,2,1,1,2
3606,24203,,0,2,2,4,2,2,4
3607,6280,,0,5,5,10,5,5,10
3608,15200,,0,1,1,2,1,1,2
3609,10445,,0,2,2,4,2,2,4
3610,8925,,0,3,3,6,3,3,6
3611,16505,,0,5,5,10,5,5,10
3612,20255,,0,1,1,2,1,1,2
3613,21450,,0,5,5,10,5,5,10
3614,15495,,0,4,4,8,4,4,8
3615,24970,,0,6,6,12,6,6,12
3616,11631,,0,2,2,4,2,2,4
3617,23786,,0,2,2,4,2,2,4
3618,25534,,0,2,2,4,2,2,4
3619,839,,0,2,2,4,2,2,4
3620,7098,,0,3,3,6,3,3,6
3621,12642,,0,1,1,2,1,1,2
3622,21184,,0,3,3,6,3,3,6
3623,2386,,0,2,2,4,2,2,4
3624,6503,,0,5,5,10,5,5,10
3625,7695,,0,1,1,2,1,1,2
3626,16102,,0,4,4,8,4,4,8
3627,22463,,0,4,4,8,4,4,8
3628,3878,,0,3,3,6,3,3,6
3629,16584,,0,4,4,8,4,4,8
3630,4469,,0,1,1,2,1,1,2
3631,21927,,0,4,4,8,4,4,8
3632,6626,,0,3,3,6,3,3,6
3633,10805,,0,3,3,6,3,3,6
3634,25069,,0,2,2,4,2,2,4
3635,25628,,0,3,3,6,3,3,6
3636,5533,,0,2,2,4,2,2,4
3637,19810,,0,2,2,4,2,2,4
3638,20772,,0,3,3,6,3,3,6
3639,23248,,0,1,1,2,1,1,2
3640,26193,,0,5,5,10,5,5,10
3641,19801,,0,1,1,2,1,1,2
3642,65,,0,7,7,14,7,7,14
3643,358,,0,2,2,4,2,2,4
3644,8678,,0,2,2,4,2,2,4
3645,15626,,0,1,1,2,1,1,2
3646,8301,,0,2,2,4,2,2,4
3647,267,,0,3,3,6,3,3,6
3648,6632,,0,3,3,6,3,3,6
3649,8386,,0,4,4,8,4,4,8
3650,14345,,0,1,1,2,1,1,2
3651,9391,,0,2,2,4,2,2,4
3652,3185,,0,1,1,2,1,1,2
3653,13291,,0,3,3,6,3,3,6
3654,20547,,0,3,3,6,3,3,6
3655,20792,,0,3,3,6,3,3,6
3656,7885,,0,2,2,4,2,2,4
3657,19551,,0,3,3,6,3,3,6
3658,22190,,0,1,1,2,1,1,2
3659,9758,,0,3,3,6,3,3,6
3660,17006,,0,4,4,8,4,4,8
3661,2879,,0,1,1,2,1,1,2
3662,11844,,0,3,3,6,3,3,6
3663,7854,,0,2,2,4,2,2,4
3664,1427,,0,2,2,4,2,2,4
3665,199,,0,2,2,4,2,2,4
3666,16935,,0,3,3,6,3,3,6
3667,2316,,0,3,3,6,3,3,6
3668,1855,,0,2,2,4,2,2,4
3669,2527,,0,2,2,4,2,2,4
3670,5057,,0,2,2,4,2,2,4
3671,17124,,0,5,5,10,5,5,10
3672,164,,0,2,2,4,2,2,4
3673,5698,,0,1,1,2,1,1,2
3674,11713,,0,1,1,2,1,1,2
3675,25598,,0,2,2,4,2,2,4
3676,25661,,0,3,3,6,3,3,6
3677,1825,,0,2,2,4,2,2,4
3678,6226,,0,2,2,4,2,2,4
3679,14317,,0,2,2,4,2,2,4
3680,20775,,0,1,1,2,1,1,2
3681,20940,,0,6,6,12,6,6,12
3682,6039,,0,1,1,2,1,1,2
3683,6176,,0,2,2,4,2,2,4
3684,6303,,0,2,2,4,2,2,4
3685,15161,,0,2,2,4,2,2,4
3686,20949,,0,3,3,6,3,3,6
3687,4293,,0,3,3,6,3,3,6
3688,19051,,0,1,1,2,1,1,2
3689,1025,,0,1,1,2,1,1,2
3690,1026,,0,2,2,4,2,2,4
3691,1696,,0,2,2,4,2,2,4
3692,15197,,0,2,2,4,2,2,4
3693,18195,,0,2,2,4,2,2,4
3694,9248,,0,5,5,10,5,5,10
3695,1962,,0,2,2,4,2,2,4
3696,4425,,0,5,5,10,5,5,10
3697,7278,,0,1,1,2,1,1,2
3698,252,,0,1,1,2,1,1,2
3699,15418,,0,1,1,2,1,1,2
3700,17341,,0,1,1,2,1,1,2
3701,24470,,0,1,1,2,1,1,2
3702,7857,,0,2,2,4,2,2,4
3703,25114,,0,1,1,2,1,1,2
3704,12614,,0,3,3,6,3,3,6
3705,10640,,0,2,2,4,2,2,4
3706,15247,,0,2,2,4,2,2,4
3707,1782,,0,2,2,4,2,2,4
3708,13521,,0,1,1,2,1,1,2
3709,18784,,0,1,1,2,1,1,2
3710,15357,,0,9,9,18,9,9,18
3711,6076,,0,6,6,12,6,6,12
3712,7311,,0,6,6,12,6,6,12
3713,12615,,0,6,6,12,6,6,12
3714,15163,,0,6,6,12,6,6,12
3715,18913,,0,3,3,6,3,3,6
3716,13990,,0,2,2,4,2,2,4
3717,26020,,0,2,2,4,2,2,4
3718,5477,,0,2,2,4,2,2,4
3719,13497,,0,1,1,2,1,1,2
3720,7247,,0,3,3,6,3,3,6
3721,9459,,0,3,3,6,3,3,6
3722,11829,,0,3,3,6,3,3,6
3723,5417,,0,3,3,6,3,3,6
3724,20513,,0,3,3,6,3,3,6
3725,24877,,0,8,8,16,8,8,16
3726,9103,,0,2,2,4,2,2,4
3727,25962,,0,2,2,4,2,2,4
3728,21195,,0,4,4,8,4,4,8
3729,15171,,0,4,4,8,4,4,8
3730,17864,,0,4,4,8,4,4,8
3731,23417,,0,4,4,8,4,4,8
3732,6918,,0,4,4,8,4,4,8
3733,7650,,0,37,37,74,37,37,74
3734,20636,,0,2,2,4,2,2,4
3735,4103,,0,3,3,6,3,3,6
3736,12312,,0,3,3,6,3,3,6
3737,17994,,0,2,2,4,2,2,4
3738,26021,,0,2,2,4,2,2,4
3739,369,,0,5,5,10,5,5,10
3740,7727,,0,3,3,6,3,3,6
3741,16433,,0,5,5,10,5,5,10
3742,16570,,0,4,4,8,4,4,8
3743,2073,,0,3,3,6,3,3,6
3744,23064,,0,1,1,2,1,1,2
3745,11502,,0,7,7,14,7,7,14
3746,12158,,0,3,3,6,3,3,6
3747,19256,,0,1,1,2,1,1,2
3748,1822,,0,1,1,2,1,1,2
3749,3773,,0,1,1,2,1,1,2
3750,12887,,0,1,1,2,1,1,2
3751,21695,,0,4,4,8,4,4,8
3752,855,,0,1,1,2,1,1,2
3753,4261,,0,1,1,2,1,1,2
3754,7772,,0,1,1,2,1,1,2
3755,10346,,0,5,5,10,5,5,10
3756,15687,,0,3,3,6,3,3,6
3757,19143,,0,3,3,6,3,3,6
3758,19383,,0,3,3,6,3,3,6
3759,16819,,0,2,2,4,2,2,4
3760,8184,,0,4,4,8,4,4,8
3761,10500,,0,4,4,8,4,4,8
3762,17546,,0,4,4,8,4,4,8
3763,22466,,0,4,4,8,4,4,8
3764,25159,,0,4,4,8,4,4,8
3765,17818,,0,3,3,6,3,3,6
3766,23219,,0,2,2,4,2,2,4
3767,23809,,0,4,4,8,4,4,8
3768,9151,,0,1,1,2,1,1,2
3769,25856,,0,1,1,2,1,1,2
3770,13036,,0,1,1,2,1,1,2
3771,2997,,0,3,3,6,3,3,6
3772,6888,,0,3,3,6,3,3,6
3773,8449,,0,3,3,6,3,3,6
3774,13490,,0,3,3,6,3,3,6
3775,19528,,0,3,3,6,3,3,6
3776,22577,,0,2,2,4,2,2,4
3777,25440,,0,2,2,4,2,2,4
3778,5363,,0,4,4,8,4,4,8
3779,253,,0,3,3,6,3,3,6
3780,4634,,0,3,3,6,3,3,6
3781,17122,,0,1,1,2,1,1,2
3782,6737,,0,2,2,4,2,2,4
3783,6666,,0,5,5,10,5,5,10
3784,17986,,0,1,1,2,1,1,2
3785,21190,,0,2,2,4,2,2,4
3786,24713,,0,6,6,12,6,6,12
3787,22746,,0,2,2,4,2,2,4
3788,25719,,0,1,1,2,1,1,2
3789,4380,,0,2,2,4,2,2,4
3790,16756,,0,2,2,4,2,2,4
3791,16598,,0,4,4,8,4,4,8
3792,1793,,0,2,2,4,2,2,4
3793,5481,,0,2,2,4,2,2,4
3794,22088,,0,1,1,2,1,1,2
3795,4641,,0,2,2,4,2,2,4
3796,17937,,0,2,2,4,2,2,4
3797,21660,,0,1,1,2,1,1,2
3798,25977,,0,2,2,4,2,2,4
3799,357,,0,4,4,8,4,4,8
3800,23300,,0,4,4,8,4,4,8
3801,24960,,0,4,4,8,4,4,8
3802,18597,,0,1,1,2,1,1,2
3803,11903,,0,3,3,6,3,3,6
3804,12157,,0,1,1,2,1,1,2
3805,24210,,0,4,4,8,4,4,8
3806,3825,,0,2,2,4,2,2,4
3807,20893,,0,2,2,4,2,2,4
3808,12749,,0,1,1,2,1,1,2
3809,11626,,0,2,2,4,2,2,4
3810,16941,,0,1,1,2,1,1,2
3811,17297,,0,3,3,6,3,3,6
3812,16227,,0,2,2,4,2,2,4
3813,17861,,0,2,2,4,2,2,4
3814,3849,,0,3,3,6,3,3,6
3815,7010,,0,3,3,6,3,3,6
3816,7506,,0,3,3,6,3,3,6
3817,9312,,0,3,3,6,3,3,6
3818,20781,,0,2,2,4,2,2,4
3819,3988,,0,1,1,2,1,1,2
3820,16348,,0,1,1,2,1,1,2
3821,19247,,0,1,1,2,1,1,2
3822,8728,,0,2,2,4,2,2,4
3823,3136,,0,4,4,8,4,4,8
3824,14869,,0,1,1,2,1,1,2
3825,19223,,0,1,1,2,1,1,2
3826,25089,,0,3,3,6,3,3,6
3827,13035,,0,3,3,6,3,3,6
3828,16110,,0,3,3,6,3,3,6
3829,26130,,0,3,3,6,3,3,6
3830,9893,,0,1,1,2,1,1,2
3831,938,,0,2,2,4,2,2,4
3832,5087,,0,2,2,4,2,2,4
3833,751,,0,1,1,2,1,1,2
3834,11108,,0,1,1,2,1,1,2
3835,7638,,0,2,2,4,2,2,4
3836,7648,,0,2,2,4,2,2,4
3837,5829,,0,1,1,2,1,1,2
3838,19871,,0,2,2,4,2,2,4
3839,25526,,0,2,2,4,2,2,4
3840,5542,,0,1,1,2,1,1,2
3841,14747,,0,3,3,6,3,3,6
3842,17463,,0,1,1,2,1,1,2
3843,21550,,0,4,4,8,4,4,8
3844,24220,,0,4,4,8,4,4,8
3845,25179,,0,1,1,2,1,1,2
3846,25553,,0,4,4,8,4,4,8
3847,25554,,0,4,4,8,4,4,8
3848,1879,,0,1,1,2,1,1,2
3849,21548,,0,1,1,2,1,1,2
3850,5182,,0,2,2,4,2,2,4
3851,13311,,0,2,2,4,2,2,4
3852,18379,,0,1,1,2,1,1,2
3853,9597,,0,1,1,2,1,1,2
3854,11820,,0,2,2,4,2,2,4
3855,17019,,0,2,2,4,2,2,4
3856,17121,,0,1,1,2,1,1,2
3857,4488,,0,9,9,18,9,9,18
3858,23686,,0,1,1,2,1,1,2
3859,1613,,0,4,4,8,4,4,8
3860,13992,,0,4,4,8,4,4,8
3861,15217,,0,4,4,8,4,4,8
3862,15665,,0,1,1,2,1,1,2
3863,16154,,0,8,8,16,8,8,16
3864,21159,,0,1,1,2,1,1,2
3865,192,,0,4,4,8,4,4,8
3866,4959,,0,1,1,2,1,1,2
3867,6867,,0,2,2,4,2,2,4
3868,2142,,0,5,5,10,5,5,10
3869,13283,,0,4,4,8,4,4,8
3870,23858,,0,4,4,8,4,4,8
3871,24601,,0,4,4,8,4,4,8
3872,21814,,0,2,2,4,2,2,4
3873,1279,,0,2,2,4,2,2,4
3874,14550,,0,2,2,4,2,2,4
3875,19739,,0,2,2,4,2,2,4
3876,20568,,0,2,2,4,2,2,4
3877,17502,,0,2,2,4,2,2,4
3878,17740,,0,2,2,4,2,2,4
3879,9266,,0,1,1,2,1,1,2
3880,1293,,0,34,34,68,34,34,68
3881,2621,,0,34,34,68,34,34,68
3882,2623,,0,34,34,68,34,34,68
3883,3283,,0,34,34,68,34,34,68
3884,3812,,0,34,34,68,34,34,68
3885,3820,,0,34,34,68,34,34,68
3886,3824,,0,34,34,68,34,34,68
3887,4834,,0,36,36,72,36,36,72
3888,5131,,0,34,34,68,34,34,68
3889,6222,,0,34,34,68,34,34,68
3890,6456,,0,34,34,68,34,34,68
3891,6525,,0,34,34,68,34,34,68
3892,6868,,0,34,34,68,34,34,68
3893,7525,,0,34,34,68,34,34,68
3894,8448,,0,34,34,68,34,34,68
3895,9433,,0,34,34,68,34,34,68
3896,12802,,0,34,34,68,34,34,68
3897,13482,,0,34,34,68,34,34,68
3898,13526,,0,34,34,68,34,34,68
3899,14157,,0,37,37,74,37,37,74
3900,14373,,0,34,34,68,34,34,68
3901,15148,,0,34,34,68,34,34,68
3902,17600,,0,34,34,68,34,34,68
3903,17819,,0,34,34,68,34,34,68
3904,17823,,0,34,34,68,34,34,68
3905,17824,,0,34,34,68,34,34,68
3906,18000,,0,34,34,68,34,34,68
3907,18444,,0,34,34,68,34,34,68
3908,22324,,0,34,34,68,34,34,68
3909,22901,,0,34,34,68,34,34,68
3910,24474,,0,34,34,68,34,34,68
3911,24479,,0,34,34,68,34,34,68
3912,24615,,0,34,34,68,34,34,68
3913,26039,,0,34,34,68,34,34,68
3914,21149,,0,3,3,6,3,3,6
3915,312,,0,2,2,4,2,2,4
3916,16545,,0,2,2,4,2,2,4
3917,23418,,0,1,1,2,1,1,2
3918,7524,,0,7,7,14,7,7,14
3919,15372,,0,10,10,20,10,10,20
3920,18685,,0,7,7,14,7,7,14
3921,22083,,0,7,7,14,7,7,14
3922,8504,,0,1,1,2,1,1,2
3923,21152,,0,2,2,4,2,2,4
3924,11522,,0,4,4,8,4,4,8
3925,8857,,0,4,4,8,4,4,8
3926,12235,,0,6,6,12,6,6,12
3927,22129,,0,3,3,6,3,3,6
3928,25387,,0,3,3,6,3,3,6
3929,23216,,0,3,3,6,3,3,6
3930,2750,,0,1,1,2,1,1,2
3931,20668,,0,1,1,2,1,1,2
3932,4750,,0,2,2,4,2,2,4
3933,19147,,0,2,2,4,2,2,4
3934,22233,,0,7,7,14,7,7,14
3935,14843,,0,3,3,6,3,3,6
3936,20569,,0,3,3,6,3,3,6
3937,13832,,0,1,1,2,1,1,2
3938,10990,,0,1,1,2,1,1,2
3939,18613,,0,4,4,8,4,4,8
3940,12612,,0,4,4,8,4,4,8
3941,19208,,0,4,4,8,4,4,8
3942,10116,,0,1,1,2,1,1,2
3943,2388,,0,3,3,6,3,3,6
3944,16955,,0,3,3,6,3,3,6
3945,4704,,0,3,3,6,3,3,6
3946,8801,,0,4,4,8,4,4,8
3947,12695,,0,3,3,6,3,3,6
3948,15420,,0,2,2,4,2,2,4
3949,11926,,0,1,1,2,1,1,2
3950,22487,,0,2,2,4,2,2,4
3951,25891,,0,2,2,4,2,2,4
3952,12745,,0,1,1,2,1,1,2
3953,6455,,0,1,1,2,1,1,2
3954,11929,,0,1,1,2,1,1,2
3955,21293,,0,2,2,4,2,2,4
3956,15715,,0,1,1,2,1,1,2
3957,18314,,0,10,10,20,10,10,20
3958,5395,,0,3,3,6,3,3,6
3959,11141,,0,5,5,10,5,5,10
3960,4263,,0,3,3,6,3,3,6
3961,6859,,0,3,3,6,3,3,6
3962,17999,,0,3,3,6,3,3,6
3963,18282,,0,3,3,6,3,3,6
3964,315,,0,1,1,2,1,1,2
3965,4275,,0,5,5,10,5,5,10
3966,17878,,0,2,2,4,2,2,4
3967,14809,,0,1,1,2,1,1,2
3968,15524,,0,1,1,2,1,1,2
3969,9441,,0,1,1,2,1,1,2
3970,4242,,0,2,2,4,2,2,4
3971,14841,,0,1,1,2,1,1,2
3972,7595,,0,2,2,4,2,2,4
3973,8118,,0,2,2,4,2,2,4
3974,15802,,0,1,1,2,1,1,2
3975,11664,,0,2,2,4,2,2,4
3976,9074,,0,4,4,8,4,4,8
3977,12425,,0,4,4,8,4,4,8
3978,18275,,0,1,1,2,1,1,2
3979,17114,,0,2,2,4,2,2,4
3980,20489,,0,2,2,4,2,2,4
3981,7088,,0,2,2,4,2,2,4
3982,7546,,0,4,4,8,4,4,8
3983,12318,,0,3,3,6,3,3,6
3984,19800,,0,3,3,6,3,3,6
3985,11528,,0,2,2,4,2,2,4
3986,22244,,0,1,1,2,1,1,2
3987,19450,,0,1,1,2,1,1,2
3988,22503,,0,2,2,4,2,2,4
3989,16486,,0,2,2,4,2,2,4
3990,1823,,0,1,1,2,1,1,2
3991,2003,,0,2,2,4,2,2,4
3992,22031,,0,1,1,2,1,1,2
3993,18370,,0,4,4,8,4,4,8
3994,3431,,0,1,1,2,1,1,2
3995,18278,,0,1,1,2,1,1,2
3996,19440,,0,3,3,6,3,3,6
3997,3772,,0,1,1,2,1,1,2
3998,299,,0,5,5,10,5,5,10
3999,14174,,0,2,2,4,2,2,4
4000,18746,,0,2,2,4,2,2,4
4001,22051,,0,5,5,10,5,5,10
4002,22075,,0,2,2,4,2,2,4
4003,14616,,0,2,2,4,2,2,4
4004,10514,,0,2,2,4,2,2,4
4005,5661,,0,1,1,2,1,1,2
4006,93,,0,5,5,10,5,5,10
4007,20328,,0,10,10,20,10,10,20
4008,16608,,0,3,3,6,3,3,6
4009,11583,,0,1,1,2,1,1,2
4010,71,,0,1,1,2,1,1,2
4011,6835,,0,1,1,2,1,1,2
4012,5825,,0,4,4,8,4,4,8
4013,9018,,0,3,3,6,3,3,6
4014,14374,,0,4,4,8,4,4,8
4015,18299,,0,5,5,10,5,5,10
4016,19687,,0,4,4,8,4,4,8
4017,628,,0,1,1,2,1,1,2
4018,9413,,0,2,2,4,2,2,4
4019,13641,,0,1,1,2,1,1,2
4020,915,,0,2,2,4,2,2,4
4021,10438,,0,2,2,4,2,2,4
4022,18624,,0,2,2,4,2,2,4
4023,20558,,0,2,2,4,2,2,4
4024,18066,,0,3,3,6,3,3,6
4025,12787,,0,3,3,6,3,3,6
4026,21621,,0,6,6,12,6,6,12
4027,17343,,0,2,2,4,2,2,4
4028,10684,,0,2,2,4,2,2,4
4029,4018,,0,2,2,4,2,2,4
4030,3964,,0,3,3,6,3,3,6
4031,9414,,0,3,3,6,3,3,6
4032,12640,,0,3,3,6,3,3,6
4033,21101,,0,1,1,2,1,1,2
4034,23146,,0,8,8,16,8,8,16
4035,778,,0,3,3,6,3,3,6
4036,1048,,0,3,3,6,3,3,6
4037,22235,,0,3,3,6,3,3,6
4038,8452,,0,1,1,2,1,1,2
4039,15913,,0,1,1,2,1,1,2
4040,15150,,0,1,1,2,1,1,2
4041,2295,,0,1,1,2,1,1,2
4042,5826,,0,1,1,2,1,1,2
4043,18586,,0,1,1,2,1,1,2
4044,27,,0,4,4,8,4,4,8
4045,11114,,0,4,4,8,4,4,8
4046,19081,,0,4,4,8,4,4,8
4047,24726,,0,4,4,8,4,4,8
4048,2596,,0,3,3,6,3,3,6
4049,23462,,0,1,1,2,1,1,2
4050,23464,,0,3,3,6,3,3,6
4051,25644,,0,3,3,6,3,3,6
4052,15007,,0,1,1,2,1,1,2
4053,25449,,0,2,2,4,2,2,4
4054,19102,,0,1,1,2,1,1,2
4055,9631,,0,2,2,4,2,2,4
4056,10898,,0,2,2,4,2,2,4
4057,3684,,0,2,2,4,2,2,4
4058,5445,,0,2,2,4,2,2,4
4059,19447,,0,2,2,4,2,2,4
4060,20434,,0,2,2,4,2,2,4
4061,7094,,0,1,1,2,1,1,2
4062,1857,,0,2,2,4,2,2,4
4063,3967,,0,2,2,4,2,2,4
4064,3516,,0,5,5,10,5,5,10
4065,7053,,0,1,1,2,1,1,2
4066,12618,,0,2,2,4,2,2,4
4067,13144,,0,3,3,6,3,3,6
4068,15413,,0,5,5,10,5,5,10
4069,18634,,0,2,2,4,2,2,4
4070,1662,,0,2,2,4,2,2,4
4071,2613,,0,2,2,4,2,2,4
4072,3383,,0,1,1,2,1,1,2
4073,2452,,0,5,5,10,5,5,10
4074,9027,,0,5,5,10,5,5,10
4075,14153,,0,5,5,10,5,5,10
4076,1668,,0,2,2,4,2,2,4
4077,4835,,0,2,2,4,2,2,4
4078,24708,,0,3,3,6,3,3,6
4079,19443,,0,3,3,6,3,3,6
4080,23492,,0,3,3,6,3,3,6
4081,20260,,0,1,1,2,1,1,2
4082,25219,,0,1,1,2,1,1,2
4083,23775,,0,2,2,4,2,2,4
4084,11012,,0,2,2,4,2,2,4
4085,2515,,0,1,1,2,1,1,2
4086,13387,,0,2,2,4,2,2,4
4087,22048,,0,2,2,4,2,2,4
4088,14639,,0,1,1,2,1,1,2
4089,18366,,0,1,1,2,1,1,2
4090,25217,,0,1,1,2,1,1,2
4091,9979,,0,1,1,2,1,1,2
4092,16800,,0,1,1,2,1,1,2
4093,4081,,0,3,3,6,3,3,6
4094,13625,,0,3,3,6,3,3,6
4095,24471,,0,3,3,6,3,3,6
4096,1699,,0,4,4,8,4,4,8
4097,2303,,0,6,6,12,6,6,12
4098,18771,,0,7,7,14,7,7,14
4099,24593,,0,4,4,8,4,4,8
4100,25875,,0,4,4,8,4,4,8
4101,22618,,0,4,4,8,4,4,8
4102,25043,,0,5,5,10,5,5,10
4103,24490,,0,1,1,2,1,1,2
4104,25829,,0,3,3,6,3,3,6
4105,25849,,0,3,3,6,3,3,6
4106,13355,,0,3,3,6,3,3,6
4107,1101,,0,2,2,4,2,2,4
4108,17854,,0,2,2,4,2,2,4
4109,25649,,0,2,2,4,2,2,4
4110,25839,,0,2,2,4,2,2,4
4111,510,,0,2,2,4,2,2,4
4112,22285,,0,1,1,2,1,1,2
4113,4656,,0,3,3,6,3,3,6
4114,18196,,0,3,3,6,3,3,6
4115,23303,,0,3,3,6,3,3,6
4116,4265,,0,3,3,6,3,3,6
4117,5267,,0,3,3,6,3,3,6
4118,5271,,0,4,4,8,4,4,8
4119,7597,,0,2,2,4,2,2,4
4120,21594,,0,1,1,2,1,1,2
4121,26042,,0,1,1,2,1,1,2
4122,677,,0,2,2,4,2,2,4
4123,4426,,0,2,2,4,2,2,4
4124,11968,,0,1,1,2,1,1,2
4125,8969,,0,1,1,2,1,1,2
4126,1174,,0,2,2,4,2,2,4
4127,2712,,0,2,2,4,2,2,4
4128,8629,,0,2,2,4,2,2,4
4129,16483,,0,2,2,4,2,2,4
4130,6291,,0,2,2,4,2,2,4
4131,8037,,0,1,1,2,1,1,2
4132,14621,,0,2,2,4,2,2,4
4133,19608,,0,2,2,4,2,2,4
4134,4836,,0,1,1,2,1,1,2
4135,21558,,0,3,3,6,3,3,6
4136,19683,,0,3,3,6,3,3,6
4137,22744,,0,3,3,6,3,3,6
4138,2487,,0,1,1,2,1,1,2
4139,16232,,0,2,2,4,2,2,4
4140,4372,,0,2,2,4,2,2,4
4141,10880,,0,2,2,4,2,2,4
4142,3851,,0,1,1,2,1,1,2
4143,10499,,0,1,1,2,1,1,2
4144,16718,,0,2,2,4,2,2,4
4145,25599,,0,2,2,4,2,2,4
4146,9867,,0,1,1,2,1,1,2
4147,4037,,0,2,2,4,2,2,4
4148,25663,,0,2,2,4,2,2,4
4149,25176,,0,1,1,2,1,1,2
4150,12121,,0,2,2,4,2,2,4
4151,13034,,0,2,2,4,2,2,4
4152,11037,,0,1,1,2,1,1,2
4153,22645,,0,1,1,2,1,1,2
4154,8185,,0,2,2,4,2,2,4
4155,16496,,0,2,2,4,2,2,4
4156,8870,,0,1,1,2,1,1,2
